1.00345	0.482352	-0.0813898	0.00552876	ACCEPTANCE: 1
1.00255	0.490926	-0.114094	0.00563559	ACCEPTANCE: 1
0.973815	0.47585	-0.0813398	0.00573505	ACCEPTANCE: 1
0.990373	0.485291	-0.104265	0.00559769	ACCEPTANCE: 1
1.00538	0.477896	-0.0649731	0.00538164	ACCEPTANCE: 1
1.04759	0.482134	-0.0306834	0.00482735	ACCEPTANCE: 1
1.04268	0.487344	-0.0482098	0.00517709	ACCEPTANCE: 1
0.985001	0.471019	-0.0590654	0.00597791	ACCEPTANCE: 1
0.975537	0.478132	-0.0876853	0.0053204	ACCEPTANCE: 0.9
0.968632	0.473879	-0.0776004	0.00602576	ACCEPTANCE: 1
0.998453	0.476364	-0.0581699	0.0057262	ACCEPTANCE: 0.9
0.98683	0.486205	-0.11502	0.00465284	ACCEPTANCE: 0.8
0.989295	0.501885	-0.157466	0.00461172	ACCEPTANCE: 0.9
0.993561	0.504096	-0.157412	0.00455796	ACCEPTANCE: 0.9
0.984498	0.504565	-0.176035	0.00484252	ACCEPTANCE: 0.9
0.956214	0.50326	-0.19653	0.004544	ACCEPTANCE: 0.9
0.94925	0.503517	-0.208617	0.00456142	ACCEPTANCE: 1
0.949512	0.507849	-0.225167	0.00413935	ACCEPTANCE: 0.8
0.927569	0.496197	-0.211537	0.00487321	ACCEPTANCE: 1
0.914492	0.497869	-0.220961	0.00452914	ACCEPTANCE: 0.8
0.931263	0.495804	-0.202955	0.00540722	ACCEPTANCE: 1
0.933793	0.49345	-0.189935	0.00480537	ACCEPTANCE: 1
0.931962	0.50584	-0.234527	0.00403045	ACCEPTANCE: 0.8
0.926017	0.493317	-0.194636	0.00509057	ACCEPTANCE: 1
0.93882	0.489637	-0.17111	0.00500355	ACCEPTANCE: 1
0.966272	0.491599	-0.146455	0.00514829	ACCEPTANCE: 0.8
0.961435	0.499822	-0.183566	0.00496863	ACCEPTANCE: 1
0.966329	0.515856	-0.221417	0.00460482	ACCEPTANCE: 0.8
0.956315	0.518102	-0.237323	0.00441494	ACCEPTANCE: 0.9
0.937237	0.532439	-0.290707	0.00346938	ACCEPTANCE: 1
0.939223	0.545798	-0.320051	0.00339592	ACCEPTANCE: 0.9
0.914903	0.553939	-0.354097	0.00321921	ACCEPTANCE: 0.7
0.930002	0.542282	-0.316095	0.00356773	ACCEPTANCE: 0.8
0.913727	0.544682	-0.341287	0.00318839	ACCEPTANCE: 1
0.885057	0.534454	-0.341731	0.00381825	ACCEPTANCE: 0.9
0.864381	0.539472	-0.363657	0.00365876	ACCEPTANCE: 1
0.862443	0.53139	-0.34999	0.00370994	ACCEPTANCE: 0.8
0.854552	0.547356	-0.384111	0.00333439	ACCEPTANCE: 0.8
0.863168	0.550299	-0.383532	0.00333195	ACCEPTANCE: 1
0.888213	0.573959	-0.398265	0.00320332	ACCEPTANCE: 1
0.905665	0.570604	-0.383805	0.00288387	ACCEPTANCE: 0.9
0.920334	0.583508	-0.37981	0.00297822	ACCEPTANCE: 1
0.894405	0.59153	-0.409463	0.00313274	ACCEPTANCE: 1
0.896007	0.59046	-0.40812	0.00273862	ACCEPTANCE: 0.9
0.90227	0.591436	-0.402838	0.00292476	ACCEPTANCE: 0.8
0.912304	0.588412	-0.389469	0.00308812	ACCEPTANCE: 1
0.92342	0.588013	-0.382159	0.00296357	ACCEPTANCE: 1
0.916732	0.590744	-0.388732	0.0030995	ACCEPTANCE: 1
0.922144	0.583926	-0.383831	0.00321058	ACCEPTANCE: 0.9
0.921585	0.589937	-0.381335	0.00324937	ACCEPTANCE: 0.9
0.930933	0.583861	-0.3691	0.00332901	ACCEPTANCE: 0.7
0.938976	0.58403	-0.361541	0.00343367	ACCEPTANCE: 0.7
0.941043	0.58347	-0.356156	0.00348403	ACCEPTANCE: 0.8
0.906853	0.579354	-0.392289	0.00289489	ACCEPTANCE: 0.9
0.91064	0.577521	-0.386198	0.00285058	ACCEPTANCE: 0.9
0.903685	0.580315	-0.395624	0.00293964	ACCEPTANCE: 0.9
0.894971	0.587018	-0.402895	0.00276851	ACCEPTANCE: 0.9
0.887398	0.58484	-0.407452	0.0034291	ACCEPTANCE: 0.8
0.877808	0.583204	-0.4145	0.00280032	ACCEPTANCE: 1
0.876675	0.5823	-0.413155	0.00291195	ACCEPTANCE: 1
0.861498	0.582048	-0.422573	0.00294362	ACCEPTANCE: 0.9
0.854657	0.580519	-0.425096	0.00275563	ACCEPTANCE: 1
0.863121	0.583392	-0.42283	0.00270636	ACCEPTANCE: 0.9
0.842022	0.585583	-0.435609	0.00255991	ACCEPTANCE: 1
0.819807	0.586802	-0.438979	0.00264108	ACCEPTANCE: 0.9
0.816569	0.587505	-0.44168	0.00253578	ACCEPTANCE: 1
0.805283	0.587888	-0.44112	0.00255559	ACCEPTANCE: 0.8
0.803434	0.589022	-0.439302	0.00266548	ACCEPTANCE: 1
0.794695	0.591777	-0.441222	0.0026477	ACCEPTANCE: 1
0.784579	0.590642	-0.440692	0.00258956	ACCEPTANCE: 0.9
0.796433	0.589668	-0.441849	0.00241203	ACCEPTANCE: 1
0.79548	0.589442	-0.439405	0.00286902	ACCEPTANCE: 1
0.808973	0.589161	-0.443223	0.00260321	ACCEPTANCE: 1
0.800498	0.588819	-0.441483	0.00273165	ACCEPTANCE: 1
0.794535	0.589159	-0.439915	0.00291828	ACCEPTANCE: 0.8
0.780329	0.58839	-0.440563	0.00252285	ACCEPTANCE: 0.9
0.793514	0.587302	-0.440569	0.00277493	ACCEPTANCE: 1
0.806785	0.586128	-0.440949	0.00266113	ACCEPTANCE: 0.9
0.809369	0.586034	-0.44018	0.00268138	ACCEPTANCE: 0.9
0.817254	0.588077	-0.439651	0.00251077	ACCEPTANCE: 1
0.818443	0.58909	-0.439968	0.00275628	ACCEPTANCE: 1
0.80958	0.588112	-0.442421	0.00290532	ACCEPTANCE: 0.9
0.81199	0.590292	-0.441605	0.00279577	ACCEPTANCE: 1
0.821798	0.590974	-0.440661	0.00267632	ACCEPTANCE: 1
0.816815	0.591198	-0.441849	0.00262475	ACCEPTANCE: 1
0.815297	0.591312	-0.443945	0.00267032	ACCEPTANCE: 0.9
0.828013	0.588766	-0.438962	0.00263	ACCEPTANCE: 0.9
0.818021	0.590797	-0.442142	0.00260816	ACCEPTANCE: 0.8
0.814867	0.592028	-0.443793	0.00257813	ACCEPTANCE: 0.8
0.818579	0.590098	-0.445911	0.0025537	ACCEPTANCE: 0.8
0.819104	0.58831	-0.439261	0.00271287	ACCEPTANCE: 0.7
0.82464	0.587468	-0.438222	0.00275688	ACCEPTANCE: 0.9
0.831622	0.588102	-0.438607	0.002381	ACCEPTANCE: 1
0.833259	0.586865	-0.436736	0.00253146	ACCEPTANCE: 1
0.832821	0.5875	-0.435595	0.00244973	ACCEPTANCE: 0.8
0.832185	0.588074	-0.43484	0.00261299	ACCEPTANCE: 0.9
0.826522	0.588162	-0.437699	0.00255117	ACCEPTANCE: 1
0.818554	0.587144	-0.439606	0.00261083	ACCEPTANCE: 0.9
0.823995	0.586731	-0.438832	0.00254037	ACCEPTANCE: 1
0.838033	0.583586	-0.434182	0.00250214	ACCEPTANCE: 1
0.848831	0.58214	-0.428106	0.00265838	ACCEPTANCE: 0.833333
0.839894	0.583747	-0.434223	0.00259625	ACCEPTANCE: 1
0.83793	0.580913	-0.431383	0.00274956	ACCEPTANCE: 1
0.831886	0.579841	-0.430284	0.00268568	ACCEPTANCE: 1
0.824753	0.580734	-0.434754	0.00253762	ACCEPTANCE: 0.916667
0.806552	0.582948	-0.44028	0.00274483	ACCEPTANCE: 0.916667
0.810652	0.583428	-0.437857	0.00265957	ACCEPTANCE: 0.916667
0.810956	0.583772	-0.436451	0.00271079	ACCEPTANCE: 0.833333
0.79413	0.585601	-0.439592	0.00280719	ACCEPTANCE: 1
0.796975	0.583372	-0.438551	0.00254186	ACCEPTANCE: 0.833333
0.786997	0.58478	-0.441612	0.00246451	ACCEPTANCE: 1
0.784169	0.584043	-0.439247	0.00253235	ACCEPTANCE: 0.75
0.788473	0.584206	-0.440794	0.00272312	ACCEPTANCE: 0.916667
0.786373	0.583506	-0.43993	0.00263405	ACCEPTANCE: 0.833333
0.783093	0.581853	-0.434144	0.00257717	ACCEPTANCE: 1
0.784577	0.582929	-0.438252	0.00244844	ACCEPTANCE: 0.916667
0.797558	0.582548	-0.441735	0.00248893	ACCEPTANCE: 0.75
0.802204	0.584483	-0.43989	0.002429	ACCEPTANCE: 0.833333
0.810493	0.58441	-0.43703	0.00264992	ACCEPTANCE: 0.916667
0.823076	0.586082	-0.436977	0.00262595	ACCEPTANCE: 0.75
0.820905	0.584969	-0.436219	0.00272709	ACCEPTANCE: 0.75
0.82315	0.581526	-0.433311	0.00262136	ACCEPTANCE: 1
0.817368	0.58052	-0.434993	0.00269512	ACCEPTANCE: 0.916667
0.825139	0.582139	-0.435881	0.00230204	ACCEPTANCE: 0.75
0.817719	0.582131	-0.436054	0.00259358	ACCEPTANCE: 1
0.810761	0.579799	-0.436002	0.00261031	ACCEPTANCE: 1
0.812644	0.576663	-0.432953	0.00285524	ACCEPTANCE: 0.833333
0.816253	0.575827	-0.433332	0.00268624	ACCEPTANCE: 0.916667
0.812301	0.578148	-0.434238	0.00280364	ACCEPTANCE: 0.916667
0.815021	0.579093	-0.433279	0.00269577	ACCEPTANCE: 1
0.816322	0.580514	-0.435991	0.00246212	ACCEPTANCE: 1
0.819059	0.583442	-0.436347	0.00250552	ACCEPTANCE: 0.916667
0.815768	0.583818	-0.439974	0.00268157	ACCEPTANCE: 1
0.817388	0.584837	-0.43748	0.00238479	ACCEPTANCE: 0.75
0.818769	0.585975	-0.441416	0.00269512	ACCEPTANCE: 0.916667
0.82675	0.584476	-0.436196	0.00253115	ACCEPTANCE: 0.916667
0.831067	0.584266	-0.433938	0.0024052	ACCEPTANCE: 0.833333
0.826758	0.586523	-0.435679	0.00255603	ACCEPTANCE: 0.916667
0.828585	0.586133	-0.438782	0.00233144	ACCEPTANCE: 0.916667
0.821745	0.58823	-0.438858	0.00268342	ACCEPTANCE: 1
0.799157	0.589004	-0.441569	0.00279871	ACCEPTANCE: 1
0.794008	0.588392	-0.44064	0.00280114	ACCEPTANCE: 0.75
0.797951	0.588091	-0.441275	0.00235128	ACCEPTANCE: 0.916667
0.809249	0.587037	-0.44087	0.00271229	ACCEPTANCE: 1
0.798025	0.590202	-0.44042	0.00248391	ACCEPTANCE: 0.916667
0.779517	0.591815	-0.441579	0.00247247	ACCEPTANCE: 0.916667
0.788564	0.591511	-0.44124	0.00265449	ACCEPTANCE: 0.916667
0.782757	0.588812	-0.439835	0.00246382	ACCEPTANCE: 0.833333
0.796242	0.588111	-0.440434	0.00256067	ACCEPTANCE: 0.75
0.790952	0.587633	-0.441616	0.00294001	ACCEPTANCE: 0.666667
0.803705	0.586001	-0.43774	0.00246466	ACCEPTANCE: 0.833333
0.799583	0.58523	-0.438588	0.00263936	ACCEPTANCE: 0.75
0.807005	0.585396	-0.439329	0.00249577	ACCEPTANCE: 0.75
0.806599	0.586574	-0.440583	0.00265298	ACCEPTANCE: 0.916667
0.797143	0.586376	-0.443103	0.00225704	ACCEPTANCE: 0.916667
0.787804	0.588804	-0.442464	0.00247029	ACCEPTANCE: 1
0.787606	0.591333	-0.442462	0.00266048	ACCEPTANCE: 0.75
0.790107	0.594085	-0.44252	0.00242611	ACCEPTANCE: 1
0.787515	0.59366	-0.439398	0.00248628	ACCEPTANCE: 1
0.80401	0.591263	-0.442096	0.00269447	ACCEPTANCE: 1
0.791108	0.590062	-0.441123	0.00273104	ACCEPTANCE: 0.75
0.797872	0.58758	-0.442812	0.00253788	ACCEPTANCE: 0.5
0.79741	0.588249	-0.442619	0.00252298	ACCEPTANCE: 0.666667
0.795541	0.588096	-0.439923	0.00281456	ACCEPTANCE: 0.916667
0.778148	0.587002	-0.436849	0.00251022	ACCEPTANCE: 0.916667
0.789298	0.583816	-0.440831	0.00249233	ACCEPTANCE: 0.833333
0.791373	0.580735	-0.436583	0.00243983	ACCEPTANCE: 0.916667
0.782881	0.581185	-0.433837	0.00273167	ACCEPTANCE: 0.916667
0.791954	0.582	-0.436472	0.0024885	ACCEPTANCE: 0.916667
0.785125	0.581692	-0.438047	0.00262806	ACCEPTANCE: 0.916667
0.788997	0.583415	-0.441296	0.00259351	ACCEPTANCE: 0.916667
0.781125	0.582207	-0.43921	0.00263124	ACCEPTANCE: 0.583333
0.779794	0.581227	-0.435648	0.0026759	ACCEPTANCE: 0.583333
0.788496	0.58348	-0.441748	0.00250418	ACCEPTANCE: 0.75
0.793023	0.584422	-0.439987	0.00269736	ACCEPTANCE: 0.75
0.792925	0.584114	-0.441659	0.00242813	ACCEPTANCE: 1
0.804646	0.58196	-0.437547	0.00248531	ACCEPTANCE: 1
0.791702	0.579134	-0.436842	0.00260633	ACCEPTANCE: 0.916667
0.799594	0.578905	-0.433917	0.00264356	ACCEPTANCE: 1
0.802383	0.579572	-0.434798	0.00288616	ACCEPTANCE: 0.916667
0.814845	0.581808	-0.4368	0.00250406	ACCEPTANCE: 1
0.804583	0.582365	-0.438115	0.00269532	ACCEPTANCE: 0.75
0.812826	0.582262	-0.439895	0.00281256	ACCEPTANCE: 1
0.802555	0.581876	-0.437998	0.00264034	ACCEPTANCE: 0.916667
0.808115	0.578118	-0.434188	0.00261662	ACCEPTANCE: 1
0.797815	0.576714	-0.433249	0.00260852	ACCEPTANCE: 0.916667
0.79163	0.578211	-0.437199	0.00259648	ACCEPTANCE: 1
0.811519	0.580131	-0.437521	0.00283104	ACCEPTANCE: 1
0.81324	0.583674	-0.438998	0.00251348	ACCEPTANCE: 0.75
0.809702	0.582396	-0.438818	0.00250249	ACCEPTANCE: 0.833333
0.799409	0.583399	-0.439886	0.0028149	ACCEPTANCE: 0.916667
0.790833	0.587064	-0.440454	0.00270998	ACCEPTANCE: 0.916667
0.795188	0.588579	-0.438946	0.00279829	ACCEPTANCE: 1
0.800189	0.589433	-0.441453	0.00243454	ACCEPTANCE: 0.916667
0.807749	0.589238	-0.441295	0.00258697	ACCEPTANCE: 0.833333
0.812358	0.588879	-0.440621	0.00271186	ACCEPTANCE: 0.833333
0.803653	0.587656	-0.437988	0.00263322	ACCEPTANCE: 0.75
0.814505	0.584813	-0.439953	0.00253997	ACCEPTANCE: 0.75
0.802729	0.586413	-0.441591	0.00261861	ACCEPTANCE: 0.833333
0.804932	0.585753	-0.44159	0.00265509	ACCEPTANCE: 0.583333
0.81319	0.585158	-0.439218	0.00264436	ACCEPTANCE: 0.642857
0.812548	0.587389	-0.440185	0.00262527	ACCEPTANCE: 0.785714
0.810864	0.589076	-0.442054	0.00263105	ACCEPTANCE: 0.857143
0.811662	0.588825	-0.43983	0.00281025	ACCEPTANCE: 0.642857
0.816288	0.5891	-0.441182	0.00257665	ACCEPTANCE: 0.857143
0.811911	0.58708	-0.43863	0.00286281	ACCEPTANCE: 0.714286
0.808063	0.587896	-0.440899	0.00273261	ACCEPTANCE: 0.714286
0.819286	0.593351	-0.44292	0.00265748	ACCEPTANCE: 0.928571
0.837509	0.593708	-0.438163	0.00259231	ACCEPTANCE: 1
0.846071	0.594108	-0.435258	0.00289782	ACCEPTANCE: 0.642857
0.855747	0.594275	-0.432941	0.0029547	ACCEPTANCE: 0.928571
0.843045	0.595926	-0.437093	0.0028659	ACCEPTANCE: 0.928571
0.824555	0.592728	-0.442956	0.00260116	ACCEPTANCE: 0.928571
0.828991	0.591149	-0.439057	0.00278247	ACCEPTANCE: 0.928571
0.829841	0.594468	-0.442055	0.00262955	ACCEPTANCE: 0.857143
0.835838	0.594139	-0.439269	0.00255836	ACCEPTANCE: 0.714286
0.833063	0.592259	-0.438665	0.00263119	ACCEPTANCE: 0.357143
0.832231	0.586459	-0.435524	0.00256152	ACCEPTANCE: 0.857143
0.838379	0.581798	-0.430837	0.00249861	ACCEPTANCE: 0.928571
0.85783	0.579879	-0.426887	0.0025371	ACCEPTANCE: 0.785714
0.85304	0.582175	-0.423854	0.00261151	ACCEPTANCE: 0.857143
0.857069	0.584852	-0.426784	0.00314225	ACCEPTANCE: 0.857143
0.87048	0.585434	-0.420694	0.00294136	ACCEPTANCE: 0.857143
0.855958	0.583995	-0.423165	0.00308691	ACCEPTANCE: 0.714286
0.858783	0.580202	-0.424093	0.00271464	ACCEPTANCE: 0.928571
0.856828	0.579247	-0.423662	0.00273409	ACCEPTANCE: 0.785714
0.860744	0.582603	-0.426286	0.00263843	ACCEPTANCE: 0.857143
0.854384	0.585192	-0.428855	0.00262757	ACCEPTANCE: 0.857143
0.847218	0.583749	-0.434894	0.00286851	ACCEPTANCE: 0.357143
0.840134	0.582237	-0.430894	0.00286608	ACCEPTANCE: 0.642857
0.833017	0.5823	-0.43406	0.00274433	ACCEPTANCE: 0.857143
0.838256	0.585061	-0.435051	0.00277755	ACCEPTANCE: 0.857143
0.830933	0.585305	-0.437767	0.00230536	ACCEPTANCE: 0.785714
0.838966	0.586284	-0.434599	0.00263257	ACCEPTANCE: 0.642857
0.839083	0.588974	-0.436236	0.00272218	ACCEPTANCE: 0.785714
0.829069	0.591753	-0.441082	0.0024943	ACCEPTANCE: 0.785714
0.819469	0.593924	-0.444757	0.00244317	ACCEPTANCE: 0.785714
0.813881	0.592762	-0.443278	0.00288934	ACCEPTANCE: 0.857143
0.812738	0.591049	-0.44012	0.0028929	ACCEPTANCE: 0.857143
0.800592	0.59339	-0.4438	0.00237589	ACCEPTANCE: 0.857143
0.806726	0.592158	-0.442656	0.00258473	ACCEPTANCE: 0.714286
0.807515	0.590701	-0.441044	0.00252806	ACCEPTANCE: 0.785714
0.80541	0.592499	-0.441777	0.00264461	ACCEPTANCE: 0.785714
0.795123	0.592958	-0.442125	0.0029109	ACCEPTANCE: 0.785714
0.794636	0.59101	-0.442011	0.00268213	ACCEPTANCE: 1
0.789132	0.593159	-0.441569	0.00250316	ACCEPTANCE: 0.857143
0.785788	0.595533	-0.445427	0.00230008	ACCEPTANCE: 0.857143
0.783856	0.596336	-0.442763	0.00239643	ACCEPTANCE: 0.928571
0.779105	0.597397	-0.444119	0.00245693	ACCEPTANCE: 1
0.796657	0.598345	-0.444137	0.00238816	ACCEPTANCE: 0.714286
0.795671	0.598455	-0.446058	0.00235214	ACCEPTANCE: 0.714286
0.789612	0.598052	-0.443416	0.00221826	ACCEPTANCE: 0.857143
0.782413	0.5996	-0.446235	0.00238792	ACCEPTANCE: 0.857143
0.78486	0.599462	-0.446441	0.00246721	ACCEPTANCE: 0.785714
0.783378	0.600967	-0.444392	0.00243025	ACCEPTANCE: 0.928571
0.797683	0.597225	-0.441231	0.00245782	ACCEPTANCE: 0.928571
0.801914	0.597475	-0.444232	0.00253892	ACCEPTANCE: 0.642857
0.795811	0.595461	-0.44446	0.00245442	ACCEPTANCE: 1
0.785086	0.595006	-0.44479	0.00235221	ACCEPTANCE: 0.714286
0.792535	0.592474	-0.444597	0.00245512	ACCEPTANCE: 0.714286
0.786724	0.588153	-0.440654	0.00266462	ACCEPTANCE: 0.928571
0.785462	0.588353	-0.440668	0.00257586	ACCEPTANCE: 0.857143
0.774135	0.588484	-0.440262	0.00265487	ACCEPTANCE: 0.714286
0.771539	0.591191	-0.440643	0.00251086	ACCEPTANCE: 0.714286
0.783906	0.591167	-0.440148	0.00272671	ACCEPTANCE: 0.857143
0.789306	0.591329	-0.440725	0.00249448	ACCEPTANCE: 0.928571
0.796	0.592731	-0.442387	0.0027464	ACCEPTANCE: 0.928571
0.792308	0.591132	-0.442502	0.0027541	ACCEPTANCE: 0.428571
0.77873	0.58962	-0.441627	0.00263711	ACCEPTANCE: 0.857143
0.766884	0.592345	-0.438578	0.00256436	ACCEPTANCE: 0.857143
0.768524	0.592407	-0.43826	0.0026397	ACCEPTANCE: 0.642857
0.766903	0.593828	-0.438821	0.00257522	ACCEPTANCE: 0.857143
0.776912	0.594312	-0.444287	0.00226891	ACCEPTANCE: 0.714286
0.784543	0.596594	-0.441796	0.00260965	ACCEPTANCE: 0.785714
0.781258	0.597017	-0.443278	0.0023796	ACCEPTANCE: 0.857143
0.773621	0.59835	-0.44196	0.00237934	ACCEPTANCE: 0.714286
0.784601	0.599438	-0.445483	0.0024944	ACCEPTANCE: 0.857143
0.758983	0.601386	-0.439652	0.0026487	ACCEPTANCE: 0.857143
0.76443	0.600409	-0.437908	0.00249315	ACCEPTANCE: 0.785714
0.760065	0.601463	-0.438737	0.00235879	ACCEPTANCE: 0.642857
0.757969	0.602193	-0.44073	0.00231016	ACCEPTANCE: 0.5
0.760461	0.599579	-0.437575	0.00223277	ACCEPTANCE: 0.928571
0.771916	0.600984	-0.440054	0.00250515	ACCEPTANCE: 0.5
0.756947	0.600614	-0.438112	0.00218799	ACCEPTANCE: 0.785714
0.757592	0.59747	-0.437491	0.00239652	ACCEPTANCE: 0.785714
0.737026	0.595372	-0.427735	0.00223798	ACCEPTANCE: 0.642857
0.752247	0.595384	-0.434146	0.00230704	ACCEPTANCE: 0.571429
0.755366	0.597117	-0.435569	0.0022937	ACCEPTANCE: 0.785714
0.743052	0.595528	-0.429389	0.00249737	ACCEPTANCE: 0.785714
0.743003	0.596225	-0.430643	0.00218957	ACCEPTANCE: 0.857143
0.732382	0.594671	-0.42362	0.00207072	ACCEPTANCE: 0.785714
0.747799	0.595239	-0.43375	0.00241773	ACCEPTANCE: 0.642857
0.746905	0.593594	-0.432425	0.0024504	ACCEPTANCE: 0.857143
0.751426	0.592874	-0.429784	0.00232339	ACCEPTANCE: 0.642857
0.760567	0.589337	-0.435441	0.00240511	ACCEPTANCE: 0.857143
0.757184	0.590059	-0.435004	0.00220526	ACCEPTANCE: 0.857143
0.765204	0.589311	-0.43464	0.00265671	ACCEPTANCE: 0.428571
0.770854	0.590306	-0.436237	0.00251916	ACCEPTANCE: 0.714286
0.784931	0.59259	-0.441294	0.00275925	ACCEPTANCE: 0.857143
0.780011	0.590847	-0.440356	0.00266377	ACCEPTANCE: 1
0.775011	0.594688	-0.440156	0.00237505	ACCEPTANCE: 0.6875
0.776061	0.593115	-0.4396	0.00277625	ACCEPTANCE: 0.875
0.788329	0.593593	-0.444425	0.00241044	ACCEPTANCE: 0.75
0.787254	0.596639	-0.445494	0.0024982	ACCEPTANCE: 0.9375
0.783261	0.598732	-0.446036	0.00232852	ACCEPTANCE: 0.875
0.790186	0.599256	-0.445697	0.00232992	ACCEPTANCE: 0.75
0.792939	0.601097	-0.447255	0.00243243	ACCEPTANCE: 0.5625
0.789361	0.60311	-0.443776	0.0024332	ACCEPTANCE: 0.8125
0.797895	0.602904	-0.446188	0.00252596	ACCEPTANCE: 0.8125
0.801834	0.602563	-0.445715	0.00249618	ACCEPTANCE: 0.75
0.828194	0.601183	-0.445697	0.00272733	ACCEPTANCE: 0.875
0.818435	0.605281	-0.447129	0.00277769	ACCEPTANCE: 0.8125
0.812409	0.604507	-0.446111	0.00242608	ACCEPTANCE: 0.8125
0.801613	0.604394	-0.448161	0.00229123	ACCEPTANCE: 0.8125
0.80332	0.60492	-0.447205	0.00231885	ACCEPTANCE: 0.8125
0.792267	0.605231	-0.44717	0.0023828	ACCEPTANCE: 0.6875
0.792521	0.605804	-0.447931	0.00221543	ACCEPTANCE: 0.6875
0.786484	0.605531	-0.447057	0.00230745	ACCEPTANCE: 0.9375
0.793821	0.605371	-0.446097	0.00239615	ACCEPTANCE: 0.6875
0.816661	0.606725	-0.446783	0.00289935	ACCEPTANCE: 0.875
0.80974	0.606782	-0.448959	0.00260788	ACCEPTANCE: 0.75
0.809708	0.605911	-0.447606	0.00261756	ACCEPTANCE: 0.6875
0.818725	0.604942	-0.445682	0.00270817	ACCEPTANCE: 0.5
0.819249	0.605788	-0.446907	0.00279411	ACCEPTANCE: 0.8125
0.804886	0.60329	-0.44765	0.00261774	ACCEPTANCE: 0.75
0.79938	0.602916	-0.445402	0.00253208	ACCEPTANCE: 0.5
0.809185	0.605463	-0.445577	0.00248501	ACCEPTANCE: 0.75
0.812351	0.607868	-0.445769	0.00275422	ACCEPTANCE: 0.9375
0.819141	0.607175	-0.447672	0.00269559	ACCEPTANCE: 0.9375
0.823902	0.603517	-0.444836	0.00269066	ACCEPTANCE: 0.6875
0.831583	0.604065	-0.44422	0.00267407	ACCEPTANCE: 0.8125
0.832341	0.604201	-0.445335	0.00293181	ACCEPTANCE: 0.875
0.827699	0.605188	-0.445007	0.00263653	ACCEPTANCE: 0.8125
0.838302	0.602728	-0.442417	0.00268374	ACCEPTANCE: 0.75
0.823543	0.605903	-0.447604	0.002703	ACCEPTANCE: 0.6875
0.822022	0.602344	-0.444883	0.00276966	ACCEPTANCE: 0.875
0.814787	0.60478	-0.446602	0.00240338	ACCEPTANCE: 0.9375
0.807495	0.601179	-0.447708	0.00237771	ACCEPTANCE: 0.75
0.808672	0.60253	-0.443358	0.00271066	ACCEPTANCE: 0.6875
0.799408	0.601325	-0.448142	0.00230782	ACCEPTANCE: 0.9375
0.801608	0.602288	-0.449494	0.00247861	ACCEPTANCE: 0.6875
0.805174	0.603378	-0.445753	0.0026289	ACCEPTANCE: 0.6875
0.804832	0.605768	-0.447691	0.00237224	ACCEPTANCE: 0.6875
0.798509	0.611756	-0.448454	0.00239852	ACCEPTANCE: 0.875
0.801625	0.612915	-0.446638	0.00271577	ACCEPTANCE: 0.6875
0.807638	0.61404	-0.447411	0.00250462	ACCEPTANCE: 0.875
0.797693	0.610696	-0.449008	0.00238193	ACCEPTANCE: 0.4375
0.814998	0.610681	-0.445357	0.0027986	ACCEPTANCE: 0.8125
0.794891	0.612101	-0.44859	0.00236141	ACCEPTANCE: 0.875
0.799839	0.612482	-0.447894	0.00235573	ACCEPTANCE: 0.8125
0.81353	0.610457	-0.446912	0.00262003	ACCEPTANCE: 0.8125
0.800583	0.61129	-0.450689	0.00231786	ACCEPTANCE: 0.625
0.790511	0.608481	-0.44702	0.00246949	ACCEPTANCE: 0.875
0.795204	0.609036	-0.450167	0.00242836	ACCEPTANCE: 0.8125
0.792239	0.608297	-0.44825	0.0023779	ACCEPTANCE: 0.5
0.796812	0.608869	-0.446759	0.00282489	ACCEPTANCE: 0.6875
0.78378	0.612758	-0.446917	0.00261122	ACCEPTANCE: 0.6875
0.791606	0.613676	-0.44771	0.00299789	ACCEPTANCE: 0.75
0.789328	0.614497	-0.449115	0.00235216	ACCEPTANCE: 0.8125
0.796539	0.616	-0.448807	0.00265377	ACCEPTANCE: 0.875
0.794172	0.61505	-0.449462	0.00252321	ACCEPTANCE: 0.875
0.783775	0.618163	-0.446367	0.00261034	ACCEPTANCE: 0.75
0.798778	0.617589	-0.447514	0.00325988	ACCEPTANCE: 0.9375
0.794306	0.619421	-0.44954	0.00248221	ACCEPTANCE: 0.5
0.781182	0.618948	-0.445407	0.0027548	ACCEPTANCE: 0.9375
0.783644	0.617763	-0.447699	0.00264327	ACCEPTANCE: 0.8125
0.787509	0.61796	-0.449062	0.00239296	ACCEPTANCE: 0.75
0.792257	0.618973	-0.448424	0.00245908	ACCEPTANCE: 0.5625
0.785973	0.616711	-0.446559	0.00252297	ACCEPTANCE: 0.625
0.786768	0.615549	-0.445125	0.0025108	ACCEPTANCE: 0.9375
0.792263	0.618487	-0.449032	0.00255307	ACCEPTANCE: 0.8125
0.788191	0.618073	-0.449476	0.0023065	ACCEPTANCE: 0.75
0.784798	0.617626	-0.447883	0.00245124	ACCEPTANCE: 0.75
0.795867	0.614461	-0.447467	0.00298949	ACCEPTANCE: 0.75
0.786148	0.61104	-0.445484	0.00255859	ACCEPTANCE: 1
0.791631	0.613404	-0.446613	0.00270628	ACCEPTANCE: 0.75
0.804241	0.613911	-0.450014	0.00229592	ACCEPTANCE: 1
0.809484	0.612821	-0.450548	0.00287977	ACCEPTANCE: 0.5
0.795273	0.610317	-0.45017	0.00227371	ACCEPTANCE: 0.6875
0.800887	0.609112	-0.447402	0.00242222	ACCEPTANCE: 0.875
0.800175	0.613309	-0.449254	0.00227502	ACCEPTANCE: 0.8125
0.819264	0.616003	-0.448404	0.00276223	ACCEPTANCE: 0.75
0.823475	0.618236	-0.448931	0.00266069	ACCEPTANCE: 0.8125
0.814581	0.61699	-0.449814	0.00261405	ACCEPTANCE: 0.625
0.801891	0.616321	-0.448889	0.00283773	ACCEPTANCE: 0.8125
0.803859	0.617991	-0.4499	0.00252655	ACCEPTANCE: 0.625
0.810719	0.617073	-0.450609	0.00239036	ACCEPTANCE: 0.5625
0.814632	0.61682	-0.448734	0.0025022	ACCEPTANCE: 0.625
0.793206	0.617016	-0.448379	0.0027397	ACCEPTANCE: 0.8125
0.784687	0.616385	-0.44952	0.00230417	ACCEPTANCE: 0.5
0.786206	0.614559	-0.446192	0.00253497	ACCEPTANCE: 0.8125
0.79508	0.615615	-0.451982	0.00226805	ACCEPTANCE: 0.5625
0.810217	0.615998	-0.448334	0.0025882	ACCEPTANCE: 0.625
0.813448	0.615915	-0.450298	0.00246888	ACCEPTANCE: 0.6875
0.828388	0.615303	-0.445723	0.0026249	ACCEPTANCE: 0.6875
0.830785	0.617359	-0.447081	0.00275718	ACCEPTANCE: 0.5
0.828926	0.616358	-0.446295	0.00275596	ACCEPTANCE: 0.625
0.810286	0.617982	-0.446247	0.00285955	ACCEPTANCE: 0.5
0.817766	0.616677	-0.448871	0.00269608	ACCEPTANCE: 0.625
0.829649	0.614874	-0.446446	0.0026581	ACCEPTANCE: 0.5
0.824792	0.6148	-0.446288	0.00282919	ACCEPTANCE: 0.444444
0.824044	0.616419	-0.445476	0.0033073	ACCEPTANCE: 0.5
0.811113	0.619016	-0.447708	0.00294068	ACCEPTANCE: 0.833333
0.808883	0.623013	-0.447688	0.00354716	ACCEPTANCE: 0.555556
0.811925	0.625499	-0.450346	0.0032653	ACCEPTANCE: 0.666667
0.808013	0.622872	-0.453663	0.00260446	ACCEPTANCE: 0.833333
0.797088	0.622054	-0.448303	0.00267687	ACCEPTANCE: 0.611111
0.80723	0.621239	-0.452201	0.00250515	ACCEPTANCE: 0.5
0.801063	0.622981	-0.447934	0.00265997	ACCEPTANCE: 0.611111
0.794493	0.621542	-0.444772	0.00283541	ACCEPTANCE: 0.777778
0.805251	0.624653	-0.451203	0.00288423	ACCEPTANCE: 0.777778
0.802384	0.624524	-0.44638	0.00328566	ACCEPTANCE: 0.888889
0.808961	0.624128	-0.447504	0.00268467	ACCEPTANCE: 0.5
0.823741	0.621551	-0.445752	0.00296262	ACCEPTANCE: 0.611111
0.83254	0.621119	-0.443896	0.00301001	ACCEPTANCE: 0.722222
0.84569	0.621241	-0.439746	0.00390561	ACCEPTANCE: 0.722222
0.831157	0.618722	-0.447682	0.00268551	ACCEPTANCE: 0.5
0.816548	0.620667	-0.450012	0.00277777	ACCEPTANCE: 0.5
0.80719	0.620894	-0.452069	0.00232831	ACCEPTANCE: 0.5
0.806101	0.621056	-0.451903	0.00261826	ACCEPTANCE: 0.277778
0.815637	0.622165	-0.44835	0.00334152	ACCEPTANCE: 0.5
0.806987	0.620523	-0.449802	0.0034561	ACCEPTANCE: 0.722222
0.801221	0.616853	-0.447058	0.00273835	ACCEPTANCE: 0.611111
0.79798	0.619203	-0.449451	0.00304326	ACCEPTANCE: 0.722222
0.804293	0.618677	-0.450397	0.00258454	ACCEPTANCE: 0.833333
0.8188	0.618397	-0.447625	0.00293525	ACCEPTANCE: 0.722222
0.819634	0.613538	-0.447633	0.00291945	ACCEPTANCE: 0.5
0.8265	0.611897	-0.447216	0.00270786	ACCEPTANCE: 0.722222
0.808541	0.609796	-0.447381	0.00267784	ACCEPTANCE: 0.555556
0.79789	0.61245	-0.448895	0.00252048	ACCEPTANCE: 0.555556
0.812122	0.61017	-0.450371	0.00268692	ACCEPTANCE: 0.555556
0.804986	0.610921	-0.447355	0.00243951	ACCEPTANCE: 0.722222
0.805233	0.609106	-0.449301	0.00239915	ACCEPTANCE: 0.555556
0.806057	0.609999	-0.450778	0.00252414	ACCEPTANCE: 0.611111
0.793835	0.611414	-0.44956	0.00243903	ACCEPTANCE: 0.611111
0.784631	0.611606	-0.447953	0.00242364	ACCEPTANCE: 0.722222
0.774135	0.611577	-0.443986	0.00262241	ACCEPTANCE: 0.722222
0.757998	0.614213	-0.443128	0.00213354	ACCEPTANCE: 0.944444
0.769868	0.612908	-0.440424	0.00261025	ACCEPTANCE: 0.5
0.762124	0.614955	-0.443702	0.00237118	ACCEPTANCE: 0.722222
0.788108	0.614301	-0.446635	0.0026531	ACCEPTANCE: 0.722222
0.784007	0.614301	-0.447347	0.00273989	ACCEPTANCE: 0.611111
0.790732	0.613514	-0.448951	0.0028084	ACCEPTANCE: 0.5
0.795437	0.613435	-0.448496	0.0024528	ACCEPTANCE: 0.777778
0.786543	0.61508	-0.447373	0.00257613	ACCEPTANCE: 0.666667
0.787602	0.616529	-0.447182	0.00228186	ACCEPTANCE: 0.722222
0.771291	0.615465	-0.445125	0.00217735	ACCEPTANCE: 0.777778
0.760099	0.616855	-0.443892	0.00233438	ACCEPTANCE: 0.611111
0.766423	0.618643	-0.443988	0.00238713	ACCEPTANCE: 0.611111
0.778505	0.621208	-0.445373	0.00264162	ACCEPTANCE: 0.666667
0.789659	0.621262	-0.448004	0.00253378	ACCEPTANCE: 0.833333
0.804316	0.617827	-0.448042	0.00292925	ACCEPTANCE: 0.777778
0.807595	0.616997	-0.448509	0.00233974	ACCEPTANCE: 0.611111
0.82871	0.615159	-0.445772	0.00285274	ACCEPTANCE: 0.722222
0.825666	0.616874	-0.446916	0.0028796	ACCEPTANCE: 0.722222
0.827525	0.615147	-0.446875	0.0027224	ACCEPTANCE: 0.722222
0.830126	0.615661	-0.444071	0.00269199	ACCEPTANCE: 0.5
0.830353	0.614944	-0.445474	0.00284603	ACCEPTANCE: 0.777778
0.828488	0.611987	-0.443752	0.00323519	ACCEPTANCE: 0.555556
0.825989	0.61465	-0.449069	0.00282405	ACCEPTANCE: 0.444444
0.832052	0.614972	-0.445856	0.0034889	ACCEPTANCE: 0.277778
0.838607	0.615046	-0.442359	0.00340421	ACCEPTANCE: 0.722222
0.822408	0.617188	-0.447982	0.0025522	ACCEPTANCE: 0.555556
0.825476	0.617094	-0.443419	0.00374833	ACCEPTANCE: 0.722222
0.810509	0.619456	-0.446959	0.00361554	ACCEPTANCE: 0.611111
0.807279	0.622392	-0.451481	0.00271875	ACCEPTANCE: 0.611111
0.810512	0.623132	-0.449408	0.00263818	ACCEPTANCE: 0.722222
0.806358	0.621899	-0.451474	0.00309107	ACCEPTANCE: 0.5
0.807877	0.621979	-0.451916	0.00270818	ACCEPTANCE: 0.555556
0.798023	0.622119	-0.445352	0.00313307	ACCEPTANCE: 0.388889
0.806053	0.618876	-0.449988	0.00254172	ACCEPTANCE: 0.722222
0.80348	0.621076	-0.45087	0.00271234	ACCEPTANCE: 0.388889
0.801898	0.621805	-0.451605	0.00259873	ACCEPTANCE: 0.388889
0.805159	0.622318	-0.451977	0.00311632	ACCEPTANCE: 0.277778
0.808205	0.623837	-0.448077	0.00311153	ACCEPTANCE: 0.444444
0.797888	0.626102	-0.444644	0.0030122	ACCEPTANCE: 0.833333
0.80895	0.625262	-0.449713	0.00294369	ACCEPTANCE: 0.666667
0.812828	0.623796	-0.449507	0.00338454	ACCEPTANCE: 0.444444
0.815829	0.625172	-0.451281	0.00237211	ACCEPTANCE: 0.444444
0.800642	0.622943	-0.449949	0.00266594	ACCEPTANCE: 0.333333
0.803655	0.621385	-0.449179	0.00277385	ACCEPTANCE: 0.666667
0.799817	0.623167	-0.445904	0.00337876	ACCEPTANCE: 0.888889
0.791803	0.624865	-0.447772	0.00232146	ACCEPTANCE: 0.388889
0.79284	0.628333	-0.447009	0.00266362	ACCEPTANCE: 0.777778
0.79649	0.62995	-0.447316	0.00270031	ACCEPTANCE: 0.666667
0.803141	0.633464	-0.445539	0.0036168	ACCEPTANCE: 0.722222
0.798861	0.635996	-0.442743	0.00356316	ACCEPTANCE: 0.833333
0.796959	0.635342	-0.445323	0.00335457	ACCEPTANCE: 0.944444
0.797897	0.635094	-0.446241	0.00371969	ACCEPTANCE: 0.388889
0.792939	0.634068	-0.443315	0.00356271	ACCEPTANCE: 0.833333
0.784469	0.637408	-0.445922	0.00259038	ACCEPTANCE: 0.555556
0.784114	0.637909	-0.445777	0.00257581	ACCEPTANCE: 0.5
0.785279	0.638121	-0.443659	0.00285603	ACCEPTANCE: 0.5
0.792167	0.637956	-0.44139	0.00315822	ACCEPTANCE: 0.555556
0.80232	0.636919	-0.446203	0.00306525	ACCEPTANCE: 0.611111
0.816499	0.637127	-0.443815	0.00367907	ACCEPTANCE: 0.388889
0.811397	0.637595	-0.442714	0.00339474	ACCEPTANCE: 0.777778
0.809143	0.636062	-0.447675	0.00343523	ACCEPTANCE: 0.666667
0.809143	0.636062	-0.447675	0.00343523	ACCEPTANCE: 0
0.805629	0.636703	-0.4425	0.00370977	ACCEPTANCE: 0.833333
0.818843	0.637505	-0.448386	0.00340781	ACCEPTANCE: 0.65
0.823837	0.635497	-0.445786	0.00348657	ACCEPTANCE: 0.55
0.836561	0.636479	-0.442075	0.00415869	ACCEPTANCE: 0.45
0.830272	0.636398	-0.443132	0.00414208	ACCEPTANCE: 0.35
0.829252	0.634288	-0.440711	0.00387845	ACCEPTANCE: 0.65
0.842213	0.633794	-0.44193	0.00324386	ACCEPTANCE: 0.6
0.83688	0.633113	-0.442342	0.00318841	ACCEPTANCE: 0.75
0.833931	0.633638	-0.443953	0.00329277	ACCEPTANCE: 0.65
0.83213	0.63181	-0.444628	0.00368752	ACCEPTANCE: 0.5
0.835908	0.633114	-0.440461	0.00400508	ACCEPTANCE: 0.6
0.83573	0.632498	-0.442515	0.00355909	ACCEPTANCE: 0.75
0.818268	0.629429	-0.448463	0.00296133	ACCEPTANCE: 0.55
0.82182	0.6282	-0.448918	0.00285004	ACCEPTANCE: 0.45
0.824126	0.628529	-0.444537	0.0039071	ACCEPTANCE: 0.45
0.815408	0.626948	-0.450239	0.00302608	ACCEPTANCE: 0.5
0.817263	0.62591	-0.449902	0.00284267	ACCEPTANCE: 0.6
0.817885	0.629	-0.45014	0.00240753	ACCEPTANCE: 0.6
0.808735	0.631475	-0.44546	0.00357274	ACCEPTANCE: 0.5
0.805874	0.630878	-0.448657	0.00277698	ACCEPTANCE: 0.55
0.808162	0.628654	-0.44661	0.00300397	ACCEPTANCE: 0.7
0.819115	0.62901	-0.448713	0.00299994	ACCEPTANCE: 0.8
0.809535	0.628775	-0.449046	0.0030259	ACCEPTANCE: 0.85
0.810671	0.629249	-0.450554	0.00280221	ACCEPTANCE: 0.35
0.822293	0.627782	-0.446811	0.00329849	ACCEPTANCE: 0.65
0.814868	0.62909	-0.447669	0.00301006	ACCEPTANCE: 0.7
0.804928	0.626099	-0.446577	0.0029618	ACCEPTANCE: 0.7
0.80335	0.620127	-0.449401	0.00264899	ACCEPTANCE: 0.5
0.799553	0.619168	-0.448046	0.00283002	ACCEPTANCE: 0.75
0.790907	0.619138	-0.449448	0.00255579	ACCEPTANCE: 0.6
0.795101	0.621171	-0.44676	0.00282818	ACCEPTANCE: 0.5
0.794678	0.620142	-0.448316	0.00249878	ACCEPTANCE: 0.75
0.785705	0.618649	-0.447492	0.00254826	ACCEPTANCE: 0.45
0.790852	0.61735	-0.448196	0.00247701	ACCEPTANCE: 0.5
0.792941	0.62142	-0.44847	0.00260326	ACCEPTANCE: 0.65
0.796775	0.620542	-0.448507	0.0028788	ACCEPTANCE: 0.85
0.807298	0.623112	-0.451803	0.0026472	ACCEPTANCE: 0.55
0.801339	0.622539	-0.449658	0.0027411	ACCEPTANCE: 0.6
0.792104	0.62345	-0.448912	0.00236949	ACCEPTANCE: 0.5
0.794791	0.621929	-0.449311	0.00264228	ACCEPTANCE: 0.8
0.795155	0.620317	-0.447706	0.00285358	ACCEPTANCE: 0.6
0.785153	0.620182	-0.447545	0.00247639	ACCEPTANCE: 0.85
0.802674	0.622138	-0.453133	0.0025548	ACCEPTANCE: 0.7
0.817972	0.620422	-0.446453	0.00300478	ACCEPTANCE: 0.8
0.811262	0.616729	-0.450851	0.00268877	ACCEPTANCE: 0.6
0.806629	0.614155	-0.450682	0.00225915	ACCEPTANCE: 0.7
0.800577	0.613574	-0.448865	0.00235936	ACCEPTANCE: 0.65
0.788969	0.609088	-0.447796	0.00236721	ACCEPTANCE: 0.7
0.794285	0.609083	-0.448547	0.00224714	ACCEPTANCE: 0.65
0.8028	0.606441	-0.446741	0.00248248	ACCEPTANCE: 0.8
0.807057	0.609958	-0.448152	0.00259128	ACCEPTANCE: 0.65
0.8082	0.609155	-0.448828	0.00276709	ACCEPTANCE: 0.65
0.805776	0.611088	-0.448061	0.00242041	ACCEPTANCE: 0.7
0.820558	0.6108	-0.446855	0.00267941	ACCEPTANCE: 0.5
0.809759	0.611821	-0.448455	0.00275878	ACCEPTANCE: 0.5
0.800232	0.60909	-0.448446	0.00249034	ACCEPTANCE: 0.7
0.80612	0.609513	-0.449626	0.00236299	ACCEPTANCE: 0.45
0.803352	0.610886	-0.448075	0.00248292	ACCEPTANCE: 0.45
0.800871	0.608218	-0.446155	0.00252531	ACCEPTANCE: 0.7
0.808929	0.610658	-0.447632	0.00268563	ACCEPTANCE: 0.35
0.817761	0.612711	-0.446744	0.00265253	ACCEPTANCE: 0.45
0.808943	0.613903	-0.448885	0.00249805	ACCEPTANCE: 0.75
0.819913	0.612905	-0.443965	0.00278387	ACCEPTANCE: 0.65
0.826847	0.613857	-0.445818	0.00287609	ACCEPTANCE: 0.7
0.830206	0.618846	-0.444637	0.00342608	ACCEPTANCE: 0.65
0.822305	0.615683	-0.44555	0.00293799	ACCEPTANCE: 0.7
0.837297	0.617048	-0.443389	0.00345355	ACCEPTANCE: 0.6
0.822863	0.616787	-0.446737	0.00274135	ACCEPTANCE: 0.55
0.821221	0.617196	-0.444796	0.00372882	ACCEPTANCE: 0.65
0.814892	0.616362	-0.450143	0.00246059	ACCEPTANCE: 0.65
0.818343	0.615933	-0.448824	0.00297225	ACCEPTANCE: 0.6
0.798565	0.615076	-0.448023	0.00259077	ACCEPTANCE: 0.65
0.797314	0.61513	-0.448338	0.00262404	ACCEPTANCE: 0.7
0.790791	0.615986	-0.447383	0.00257456	ACCEPTANCE: 0.75
0.80362	0.614287	-0.448075	0.00217522	ACCEPTANCE: 0.75
0.794305	0.610846	-0.450126	0.00214017	ACCEPTANCE: 0.6
0.791695	0.610834	-0.449476	0.00247583	ACCEPTANCE: 0.6
0.790617	0.609862	-0.447514	0.00271935	ACCEPTANCE: 0.7
0.793642	0.60887	-0.449695	0.00223271	ACCEPTANCE: 0.65
0.792938	0.607535	-0.447425	0.00214362	ACCEPTANCE: 0.7
0.789933	0.60663	-0.445974	0.00241981	ACCEPTANCE: 0.65
0.801876	0.609796	-0.448212	0.00235248	ACCEPTANCE: 0.85
0.805908	0.610784	-0.448596	0.00233686	ACCEPTANCE: 0.35
0.804151	0.61362	-0.450705	0.00224263	ACCEPTANCE: 0.7
0.808686	0.61122	-0.449839	0.00257955	ACCEPTANCE: 0.7
0.809096	0.611713	-0.447826	0.00281866	ACCEPTANCE: 0.4
0.806109	0.61358	-0.449163	0.0022113	ACCEPTANCE: 0.7
0.807658	0.61426	-0.448012	0.00256446	ACCEPTANCE: 0.65
0.802585	0.617056	-0.447226	0.00302264	ACCEPTANCE: 0.75
0.808782	0.615086	-0.449296	0.0024698	ACCEPTANCE: 0.6
0.806672	0.613487	-0.452615	0.00218784	ACCEPTANCE: 0.45
0.813248	0.612799	-0.448454	0.002965	ACCEPTANCE: 0.55
0.79999	0.611699	-0.447651	0.00229453	ACCEPTANCE: 0.8
0.787127	0.612642	-0.447016	0.00248468	ACCEPTANCE: 0.8
0.810741	0.611491	-0.449614	0.00275537	ACCEPTANCE: 0.75
0.805057	0.608455	-0.447294	0.00246832	ACCEPTANCE: 0.8
0.805524	0.612253	-0.449663	0.00247736	ACCEPTANCE: 0.5
0.795725	0.612656	-0.4487	0.00237308	ACCEPTANCE: 0.75
0.822696	0.611548	-0.447487	0.00262445	ACCEPTANCE: 0.6
0.816607	0.608882	-0.447115	0.00274012	ACCEPTANCE: 0.6
0.806249	0.611346	-0.449589	0.00245206	ACCEPTANCE: 0.5
0.812432	0.61406	-0.447768	0.00285531	ACCEPTANCE: 0.636364
0.799821	0.61406	-0.448052	0.00263103	ACCEPTANCE: 0.772727
0.798669	0.614686	-0.449338	0.00242726	ACCEPTANCE: 0.636364
0.787876	0.613765	-0.448389	0.00267301	ACCEPTANCE: 0.454545
0.79768	0.614012	-0.450893	0.00244197	ACCEPTANCE: 0.681818
0.786424	0.612549	-0.447426	0.00294212	ACCEPTANCE: 0.909091
0.797316	0.613997	-0.448946	0.00260509	ACCEPTANCE: 0.5
0.808056	0.6167	-0.447596	0.00242401	ACCEPTANCE: 0.727273
0.794613	0.620033	-0.451702	0.00228618	ACCEPTANCE: 0.409091
0.814684	0.617574	-0.448955	0.00255964	ACCEPTANCE: 0.636364
0.805709	0.616126	-0.449796	0.00221297	ACCEPTANCE: 0.772727
0.806205	0.61442	-0.45134	0.0023442	ACCEPTANCE: 0.318182
0.804549	0.61186	-0.448271	0.00249131	ACCEPTANCE: 0.636364
0.810346	0.616432	-0.44818	0.00272216	ACCEPTANCE: 0.454545
0.805513	0.616693	-0.450981	0.00221161	ACCEPTANCE: 0.5
0.814067	0.618247	-0.450245	0.00288685	ACCEPTANCE: 0.545455
0.81698	0.614707	-0.446309	0.00303311	ACCEPTANCE: 0.727273
0.795207	0.617413	-0.448969	0.00259727	ACCEPTANCE: 0.5
0.816302	0.619881	-0.448979	0.00285492	ACCEPTANCE: 0.772727
0.806379	0.622855	-0.449595	0.00298804	ACCEPTANCE: 0.636364
0.797133	0.623032	-0.446782	0.00310637	ACCEPTANCE: 0.5
0.793863	0.621899	-0.449097	0.00236045	ACCEPTANCE: 0.318182
0.791257	0.620171	-0.449297	0.00233211	ACCEPTANCE: 0.590909
0.793266	0.617208	-0.446673	0.00266689	ACCEPTANCE: 0.409091
0.795499	0.616211	-0.447402	0.00296559	ACCEPTANCE: 0.590909
0.795686	0.617179	-0.450597	0.00281364	ACCEPTANCE: 0.409091
0.790702	0.618326	-0.45069	0.00252223	ACCEPTANCE: 0.636364
0.786134	0.616662	-0.448662	0.00258395	ACCEPTANCE: 0.545455
0.791287	0.615935	-0.448718	0.00261208	ACCEPTANCE: 0.409091
0.82071	0.618221	-0.449159	0.00273554	ACCEPTANCE: 0.681818
0.802283	0.620341	-0.450183	0.00297281	ACCEPTANCE: 0.636364
0.794528	0.619671	-0.449516	0.00231774	ACCEPTANCE: 0.409091
0.810403	0.621431	-0.449511	0.00363895	ACCEPTANCE: 0.681818
0.797881	0.617728	-0.446506	0.00301847	ACCEPTANCE: 0.409091
0.790019	0.61984	-0.450106	0.00253729	ACCEPTANCE: 0.181818
0.787413	0.621812	-0.447637	0.00256767	ACCEPTANCE: 0.545455
0.796801	0.622597	-0.44726	0.00282754	ACCEPTANCE: 0.5
0.791641	0.617961	-0.446323	0.00300586	ACCEPTANCE: 0.636364
0.800274	0.618008	-0.449001	0.00292224	ACCEPTANCE: 0.636364
0.808441	0.616065	-0.450173	0.0025295	ACCEPTANCE: 0.590909
0.813058	0.617249	-0.447837	0.00314872	ACCEPTANCE: 0.454545
0.812775	0.616372	-0.449815	0.0026465	ACCEPTANCE: 0.636364
0.808881	0.618144	-0.45033	0.00255063	ACCEPTANCE: 0.409091
0.800544	0.620777	-0.450223	0.00262769	ACCEPTANCE: 0.5
0.800443	0.623019	-0.450422	0.00302296	ACCEPTANCE: 0.454545
0.817178	0.627994	-0.451546	0.00237276	ACCEPTANCE: 0.727273
0.81909	0.629122	-0.450211	0.00239406	ACCEPTANCE: 0.363636
0.822844	0.628834	-0.447059	0.00324007	ACCEPTANCE: 0.590909
0.809653	0.626314	-0.450638	0.00289992	ACCEPTANCE: 0.590909
0.807635	0.62227	-0.450475	0.00276497	ACCEPTANCE: 0.590909
0.802456	0.626022	-0.448855	0.00311813	ACCEPTANCE: 0.590909
0.790255	0.624527	-0.447255	0.00276651	ACCEPTANCE: 0.5
0.784653	0.624323	-0.443922	0.00319493	ACCEPTANCE: 0.681818
0.790015	0.626781	-0.447475	0.00274622	ACCEPTANCE: 0.681818
0.795934	0.625796	-0.451057	0.00257607	ACCEPTANCE: 0.363636
0.790475	0.627511	-0.447569	0.00285328	ACCEPTANCE: 0.136364
0.780567	0.626618	-0.443448	0.00276489	ACCEPTANCE: 0.590909
0.793649	0.626943	-0.450014	0.00222909	ACCEPTANCE: 0.727273
0.792062	0.623978	-0.446471	0.00242244	ACCEPTANCE: 0.545455
0.798097	0.620289	-0.448242	0.00321314	ACCEPTANCE: 0.681818
0.807779	0.621298	-0.450605	0.0025517	ACCEPTANCE: 0.454545
0.80955	0.622962	-0.44872	0.00340146	ACCEPTANCE: 0.636364
0.805354	0.619749	-0.450823	0.00236652	ACCEPTANCE: 0.409091
0.811556	0.620604	-0.448691	0.00294239	ACCEPTANCE: 0.318182
0.796251	0.622214	-0.449394	0.00241358	ACCEPTANCE: 0.5
0.806941	0.621732	-0.453646	0.002642	ACCEPTANCE: 0.363636
0.810831	0.62248	-0.448389	0.00326544	ACCEPTANCE: 0.363636
0.812848	0.622283	-0.448649	0.00341902	ACCEPTANCE: 0.590909
0.810325	0.623505	-0.451234	0.00292347	ACCEPTANCE: 0.5
0.80742	0.622207	-0.451376	0.00293744	ACCEPTANCE: 0.227273
0.813873	0.621837	-0.448134	0.00350168	ACCEPTANCE: 0.227273
0.806542	0.624691	-0.450729	0.0026495	ACCEPTANCE: 0.590909
0.814357	0.621766	-0.448387	0.0033131	ACCEPTANCE: 0.5
0.809015	0.62137	-0.451147	0.00254404	ACCEPTANCE: 0.545455
0.802413	0.621656	-0.451683	0.00260021	ACCEPTANCE: 0.454545
0.81051	0.617811	-0.446865	0.00320067	ACCEPTANCE: 0.545455
0.808676	0.615093	-0.448698	0.00247935	ACCEPTANCE: 0.727273
0.804897	0.613602	-0.449545	0.00250295	ACCEPTANCE: 0.954545
0.809844	0.615414	-0.451643	0.00233379	ACCEPTANCE: 0.363636
0.813972	0.614518	-0.449706	0.00274589	ACCEPTANCE: 0.363636
0.811303	0.613312	-0.448911	0.00297393	ACCEPTANCE: 0.545455
0.810211	0.614045	-0.451173	0.00267208	ACCEPTANCE: 0.681818
0.807053	0.616415	-0.449679	0.00240559	ACCEPTANCE: 0.5
0.819506	0.614451	-0.4475	0.0031502	ACCEPTANCE: 0.5
0.825159	0.612851	-0.445988	0.00276342	ACCEPTANCE: 0.454545
0.826193	0.610928	-0.446502	0.00260428	ACCEPTANCE: 0.5
0.804505	0.612563	-0.44903	0.0025998	ACCEPTANCE: 0.590909
0.801704	0.612143	-0.44754	0.00234171	ACCEPTANCE: 0.409091
0.816083	0.612648	-0.447285	0.00287728	ACCEPTANCE: 0.772727
0.823309	0.612004	-0.447085	0.00262561	ACCEPTANCE: 0.636364
0.803731	0.614873	-0.449264	0.00216997	ACCEPTANCE: 0.772727
0.805409	0.612042	-0.448393	0.00240114	ACCEPTANCE: 0.636364
0.810807	0.611533	-0.449883	0.00290992	ACCEPTANCE: 0.681818
0.81076	0.612894	-0.448595	0.00286477	ACCEPTANCE: 0.545455
0.806122	0.614552	-0.450316	0.00226219	ACCEPTANCE: 0.681818
0.806005	0.61412	-0.449684	0.00239293	ACCEPTANCE: 0.363636
0.799521	0.613166	-0.449436	0.00218669	ACCEPTANCE: 0.409091
0.807707	0.611034	-0.446666	0.00328777	ACCEPTANCE: 0.681818
0.796494	0.613644	-0.449539	0.00253202	ACCEPTANCE: 0.454545
0.791948	0.61189	-0.449222	0.00263543	ACCEPTANCE: 0.454545
0.78482	0.611604	-0.448829	0.00236153	ACCEPTANCE: 0.5
0.787295	0.609624	-0.448692	0.00216469	ACCEPTANCE: 0.583333
0.802286	0.610392	-0.447985	0.00235699	ACCEPTANCE: 0.583333
0.798397	0.608507	-0.449487	0.00235071	ACCEPTANCE: 0.25
0.79697	0.60798	-0.450815	0.00215064	ACCEPTANCE: 0.458333
0.794731	0.607273	-0.44599	0.00239538	ACCEPTANCE: 0.583333
0.800736	0.60863	-0.446967	0.00242893	ACCEPTANCE: 0.875
0.804313	0.609325	-0.448191	0.00277944	ACCEPTANCE: 0.291667
0.805478	0.611727	-0.448694	0.00227602	ACCEPTANCE: 0.5
0.792586	0.613467	-0.447847	0.00271904	ACCEPTANCE: 0.75
0.79519	0.615398	-0.449662	0.00282306	ACCEPTANCE: 0.375
0.795268	0.618023	-0.450289	0.00245226	ACCEPTANCE: 0.416667
0.806861	0.619184	-0.451326	0.00260506	ACCEPTANCE: 0.666667
0.802791	0.622093	-0.45199	0.00258562	ACCEPTANCE: 0.333333
0.816693	0.623162	-0.450633	0.00306527	ACCEPTANCE: 0.291667
0.816548	0.622684	-0.448608	0.00362269	ACCEPTANCE: 0.416667
0.815742	0.625056	-0.452267	0.00246961	ACCEPTANCE: 0.375
0.815268	0.625137	-0.450884	0.00224119	ACCEPTANCE: 0.0833333
0.819329	0.627955	-0.450695	0.00293875	ACCEPTANCE: 0.416667
0.824909	0.627388	-0.446391	0.00341628	ACCEPTANCE: 0.541667
0.812934	0.626806	-0.453353	0.00275325	ACCEPTANCE: 0.166667
0.812934	0.626806	-0.453353	0.00275325	ACCEPTANCE: 0
0.810202	0.628834	-0.450369	0.00306318	ACCEPTANCE: 0.125
0.819135	0.627664	-0.451347	0.00286742	ACCEPTANCE: 0.5
0.819135	0.627664	-0.451347	0.00286742	ACCEPTANCE: 0
0.822172	0.628836	-0.446053	0.00366032	ACCEPTANCE: 0.166667
0.818668	0.628054	-0.44949	0.00293498	ACCEPTANCE: 0.25
0.817672	0.629201	-0.449348	0.00348139	ACCEPTANCE: 0.458333
0.817007	0.62898	-0.449919	0.00254195	ACCEPTANCE: 0.0833333
0.815205	0.629742	-0.449075	0.00280705	ACCEPTANCE: 0.333333
0.821621	0.628856	-0.447031	0.00371841	ACCEPTANCE: 0.333333
0.821294	0.631524	-0.444134	0.0038803	ACCEPTANCE: 0.541667
0.817968	0.629351	-0.44927	0.00329066	ACCEPTANCE: 0.416667
0.818989	0.627543	-0.449493	0.00303953	ACCEPTANCE: 0.375
0.81738	0.626797	-0.451458	0.0026668	ACCEPTANCE: 0.166667
0.814182	0.625699	-0.453479	0.00298969	ACCEPTANCE: 0.0833333
0.809537	0.626645	-0.45245	0.00258742	ACCEPTANCE: 0.208333
0.810199	0.62692	-0.451766	0.0027793	ACCEPTANCE: 0.375
0.808553	0.622806	-0.449794	0.00353592	ACCEPTANCE: 0.291667
0.815336	0.625626	-0.451891	0.00277243	ACCEPTANCE: 0.291667
0.816194	0.627142	-0.449709	0.00265549	ACCEPTANCE: 0.541667
0.814647	0.624837	-0.450069	0.00267541	ACCEPTANCE: 0.375
0.80821	0.624426	-0.449235	0.0027123	ACCEPTANCE: 0.333333
0.812588	0.623803	-0.449933	0.0032312	ACCEPTANCE: 0.625
0.816421	0.623536	-0.449444	0.00282888	ACCEPTANCE: 0.333333
0.82078	0.618985	-0.448029	0.00270998	ACCEPTANCE: 0.583333
0.815052	0.614661	-0.448216	0.00249942	ACCEPTANCE: 0.875
0.815268	0.617335	-0.450346	0.00255147	ACCEPTANCE: 0.458333
0.816427	0.621625	-0.447534	0.00355287	ACCEPTANCE: 0.416667
0.813714	0.622048	-0.449382	0.00241602	ACCEPTANCE: 0.583333
0.813381	0.619969	-0.449316	0.00338342	ACCEPTANCE: 0.291667
0.827355	0.621345	-0.448065	0.00277511	ACCEPTANCE: 0.625
0.826401	0.621363	-0.445805	0.0031994	ACCEPTANCE: 0.458333
0.827797	0.622622	-0.445554	0.00312231	ACCEPTANCE: 0.625
0.81806	0.618254	-0.447737	0.00296001	ACCEPTANCE: 0.458333
0.79499	0.622939	-0.448582	0.00255622	ACCEPTANCE: 0.458333
0.785232	0.619595	-0.449181	0.00227964	ACCEPTANCE: 0.416667
0.786996	0.618951	-0.446691	0.0026123	ACCEPTANCE: 0.416667
0.787192	0.620885	-0.446181	0.00283017	ACCEPTANCE: 0.666667
0.790846	0.618624	-0.449986	0.00261427	ACCEPTANCE: 0.541667
0.795575	0.618647	-0.448554	0.00291571	ACCEPTANCE: 0.583333
0.793136	0.62262	-0.446766	0.00249359	ACCEPTANCE: 0.416667
0.801539	0.619478	-0.447251	0.00304276	ACCEPTANCE: 0.625
0.801105	0.620032	-0.451653	0.00270247	ACCEPTANCE: 0.25
0.803086	0.621056	-0.451712	0.00274603	ACCEPTANCE: 0.25
0.807128	0.621271	-0.453258	0.00256089	ACCEPTANCE: 0.0416667
0.810738	0.619903	-0.450259	0.00287444	ACCEPTANCE: 0.5
0.814519	0.619958	-0.451324	0.00253664	ACCEPTANCE: 0.25
0.814466	0.620272	-0.451869	0.00252217	ACCEPTANCE: 0.333333
0.814488	0.620361	-0.451862	0.00255979	ACCEPTANCE: 0.0416667
0.805645	0.622222	-0.449398	0.00304332	ACCEPTANCE: 0.416667
0.806794	0.625765	-0.449413	0.00308051	ACCEPTANCE: 0.5
0.811631	0.622084	-0.446228	0.0034948	ACCEPTANCE: 0.75
0.801597	0.620991	-0.451002	0.00282794	ACCEPTANCE: 0.666667
0.802599	0.623316	-0.451544	0.00263167	ACCEPTANCE: 0.416667
0.804195	0.623249	-0.452089	0.00295508	ACCEPTANCE: 0.333333
0.807809	0.62291	-0.449261	0.00288342	ACCEPTANCE: 0.541667
0.806334	0.623043	-0.450434	0.00288966	ACCEPTANCE: 0.208333
0.803619	0.62341	-0.450549	0.00257413	ACCEPTANCE: 0.416667
0.802432	0.622541	-0.451312	0.0027337	ACCEPTANCE: 0.333333
0.802215	0.622702	-0.452597	0.00270964	ACCEPTANCE: 0.208333
0.802867	0.622085	-0.452385	0.00255341	ACCEPTANCE: 0.208333
0.804289	0.621855	-0.453055	0.00273063	ACCEPTANCE: 0.0416667
0.804289	0.621855	-0.453055	0.00273063	ACCEPTANCE: 0
0.796986	0.619742	-0.451718	0.00262127	ACCEPTANCE: 0.333333
0.796986	0.619742	-0.451718	0.00262127	ACCEPTANCE: 0
0.791514	0.617665	-0.448742	0.0023823	ACCEPTANCE: 0.583333
0.800999	0.618512	-0.44909	0.00289349	ACCEPTANCE: 0.625
0.794521	0.618704	-0.449357	0.00269714	ACCEPTANCE: 0.416667
0.800418	0.617375	-0.44817	0.00289792	ACCEPTANCE: 0.625
0.791937	0.61786	-0.448529	0.00247327	ACCEPTANCE: 0.625
0.794525	0.617711	-0.450292	0.00289655	ACCEPTANCE: 0.25
0.801287	0.620747	-0.44934	0.0029645	ACCEPTANCE: 0.416667
0.802247	0.620635	-0.449244	0.00307629	ACCEPTANCE: 0.583333
0.805519	0.618973	-0.451782	0.00265924	ACCEPTANCE: 0.375
0.805519	0.618973	-0.451782	0.00265924	ACCEPTANCE: 0
0.804174	0.618404	-0.449868	0.00246451	ACCEPTANCE: 0.0833333
0.812572	0.61753	-0.450648	0.00282182	ACCEPTANCE: 0.375
0.811179	0.616806	-0.449887	0.00272231	ACCEPTANCE: 0.25
0.803409	0.613714	-0.450756	0.00216272	ACCEPTANCE: 0.458333
0.803741	0.612481	-0.449401	0.00249624	ACCEPTANCE: 0.615385
0.812272	0.617068	-0.447724	0.00289953	ACCEPTANCE: 0.615385
0.814902	0.619264	-0.450439	0.00281957	ACCEPTANCE: 0.615385
0.806828	0.615479	-0.450148	0.00250408	ACCEPTANCE: 0.384615
0.807547	0.618864	-0.448406	0.00335302	ACCEPTANCE: 0.423077
0.787964	0.617209	-0.448355	0.00301517	ACCEPTANCE: 0.653846
0.788171	0.618907	-0.450454	0.00250209	ACCEPTANCE: 0.384615
0.79636	0.620684	-0.450163	0.00260313	ACCEPTANCE: 0.230769
0.788044	0.624901	-0.448068	0.00268825	ACCEPTANCE: 0.538462
0.791174	0.625436	-0.448943	0.00254412	ACCEPTANCE: 0.269231
0.796813	0.625223	-0.446912	0.00284419	ACCEPTANCE: 0.423077
0.808185	0.625715	-0.451755	0.003193	ACCEPTANCE: 0.307692
0.808415	0.626065	-0.451121	0.00290876	ACCEPTANCE: 0.153846
0.816059	0.625239	-0.450073	0.00339434	ACCEPTANCE: 0.230769
0.809786	0.621229	-0.453122	0.00260311	ACCEPTANCE: 0.269231
0.803261	0.622738	-0.450945	0.00274937	ACCEPTANCE: 0.230769
0.788753	0.623991	-0.446256	0.00286875	ACCEPTANCE: 0.538462
0.806565	0.623065	-0.449198	0.00311019	ACCEPTANCE: 0.653846
0.808809	0.624366	-0.451626	0.00265389	ACCEPTANCE: 0.423077
0.804099	0.621233	-0.45125	0.00250675	ACCEPTANCE: 0.423077
0.807326	0.622157	-0.452381	0.00256155	ACCEPTANCE: 0.192308
0.806053	0.620878	-0.452064	0.00269658	ACCEPTANCE: 0.307692
0.794535	0.621063	-0.446068	0.00285919	ACCEPTANCE: 0.538462
0.79751	0.621014	-0.449099	0.00262178	ACCEPTANCE: 0.576923
0.806427	0.621993	-0.452428	0.00292363	ACCEPTANCE: 0.5
0.807813	0.622602	-0.452931	0.00251965	ACCEPTANCE: 0.5
0.799555	0.624306	-0.449011	0.00279669	ACCEPTANCE: 0.5
0.800339	0.622704	-0.450894	0.00282086	ACCEPTANCE: 0.5
0.801706	0.622763	-0.450393	0.00259371	ACCEPTANCE: 0.423077
0.801703	0.620473	-0.451278	0.00277502	ACCEPTANCE: 0.269231
0.796499	0.619998	-0.452669	0.00251827	ACCEPTANCE: 0.384615
0.788288	0.620712	-0.450184	0.00235369	ACCEPTANCE: 0.192308
0.802981	0.620494	-0.449296	0.0026021	ACCEPTANCE: 0.423077
0.809228	0.623182	-0.449785	0.00290379	ACCEPTANCE: 0.576923
0.802057	0.622525	-0.453177	0.00257916	ACCEPTANCE: 0.346154
0.799782	0.621712	-0.450563	0.00305744	ACCEPTANCE: 0.0769231
0.803082	0.622712	-0.453192	0.00252331	ACCEPTANCE: 0.269231
0.806575	0.622716	-0.454781	0.00270637	ACCEPTANCE: 0.153846
0.804706	0.622831	-0.451218	0.00263846	ACCEPTANCE: 0.153846
0.801988	0.623827	-0.447321	0.00315403	ACCEPTANCE: 0.115385
0.805926	0.621857	-0.451456	0.0026808	ACCEPTANCE: 0.461538
0.805955	0.62078	-0.452526	0.00254828	ACCEPTANCE: 0.115385
0.803183	0.617714	-0.44521	0.00275903	ACCEPTANCE: 0.615385
0.792204	0.616824	-0.449221	0.00264325	ACCEPTANCE: 0.461538
0.796739	0.616547	-0.445862	0.0027853	ACCEPTANCE: 0.423077
0.798857	0.616036	-0.450193	0.00259911	ACCEPTANCE: 0.615385
0.784017	0.620774	-0.447953	0.002634	ACCEPTANCE: 0.576923
0.793601	0.621874	-0.452927	0.0022156	ACCEPTANCE: 0.307692
0.793601	0.621874	-0.452927	0.0022156	ACCEPTANCE: 0
0.791188	0.624976	-0.446556	0.0030339	ACCEPTANCE: 0.576923
0.782604	0.620203	-0.445732	0.00303241	ACCEPTANCE: 0.615385
0.791814	0.619162	-0.449177	0.00264585	ACCEPTANCE: 0.538462
0.79449	0.616798	-0.448811	0.0026834	ACCEPTANCE: 0.615385
0.788332	0.617886	-0.449657	0.00278584	ACCEPTANCE: 0.5
0.797169	0.620069	-0.451207	0.00265511	ACCEPTANCE: 0.538462
0.800506	0.620356	-0.450098	0.00284057	ACCEPTANCE: 0.5
0.809381	0.62425	-0.450475	0.00287337	ACCEPTANCE: 0.5
0.808169	0.625122	-0.452405	0.00265596	ACCEPTANCE: 0.230769
0.816568	0.625067	-0.451585	0.00281019	ACCEPTANCE: 0.346154
0.808175	0.624718	-0.450588	0.00274353	ACCEPTANCE: 0.346154
0.805222	0.624673	-0.449136	0.00285135	ACCEPTANCE: 0.346154
0.807049	0.621105	-0.448741	0.00329882	ACCEPTANCE: 0.384615
0.805937	0.62062	-0.453697	0.0026566	ACCEPTANCE: 0.192308
0.810478	0.623848	-0.450435	0.00299242	ACCEPTANCE: 0.346154
0.806267	0.625125	-0.448049	0.00314546	ACCEPTANCE: 0.230769
0.806486	0.62135	-0.449857	0.00300081	ACCEPTANCE: 0.423077
0.803349	0.62067	-0.450506	0.00281019	ACCEPTANCE: 0.346154
0.814055	0.620887	-0.449073	0.00284144	ACCEPTANCE: 0.384615
0.803303	0.620589	-0.452826	0.0026013	ACCEPTANCE: 0.269231
0.801461	0.619545	-0.448467	0.00292954	ACCEPTANCE: 0.307692
0.807558	0.618287	-0.44989	0.00326047	ACCEPTANCE: 0.307692
0.812207	0.617404	-0.451437	0.00294035	ACCEPTANCE: 0.0384615
0.812432	0.616061	-0.449518	0.00279449	ACCEPTANCE: 0.230769
0.822607	0.617245	-0.449195	0.00272242	ACCEPTANCE: 0.576923
0.804625	0.616552	-0.449063	0.00208527	ACCEPTANCE: 0.423077
0.79662	0.614297	-0.450156	0.00270918	ACCEPTANCE: 0.461538
0.805128	0.611817	-0.448934	0.00234315	ACCEPTANCE: 0.423077
0.808818	0.610976	-0.449409	0.00290784	ACCEPTANCE: 0.307692
0.805938	0.612992	-0.449138	0.00232494	ACCEPTANCE: 0.461538
0.806371	0.613175	-0.450933	0.00233377	ACCEPTANCE: 0.538462
0.811324	0.614713	-0.449554	0.0028083	ACCEPTANCE: 0.538462
0.811754	0.615215	-0.450588	0.00278979	ACCEPTANCE: 0.5
0.813419	0.614806	-0.451353	0.0027193	ACCEPTANCE: 0.230769
0.80962	0.616191	-0.448971	0.00256073	ACCEPTANCE: 0.423077
0.806449	0.613296	-0.451558	0.00225978	ACCEPTANCE: 0.576923
0.800132	0.61277	-0.447215	0.00227845	ACCEPTANCE: 0.423077
0.793998	0.611042	-0.451486	0.00219765	ACCEPTANCE: 0.115385
0.788122	0.609877	-0.447605	0.00231892	ACCEPTANCE: 0.153846
0.802534	0.612021	-0.450333	0.00255661	ACCEPTANCE: 0.384615
0.793905	0.611142	-0.449897	0.00218864	ACCEPTANCE: 0.615385
0.795934	0.610038	-0.448906	0.00229675	ACCEPTANCE: 0.384615
0.785075	0.611781	-0.447856	0.00275969	ACCEPTANCE: 0.192308
0.791871	0.613936	-0.449807	0.00240369	ACCEPTANCE: 0.192308
0.799089	0.612628	-0.451119	0.00225517	ACCEPTANCE: 0.346154
0.794481	0.611614	-0.448029	0.00232921	ACCEPTANCE: 0.192308
0.79475	0.617874	-0.449974	0.00266327	ACCEPTANCE: 0.5
0.791833	0.620072	-0.450163	0.00229632	ACCEPTANCE: 0.423077
0.787044	0.621731	-0.445529	0.00298666	ACCEPTANCE: 0.576923
0.799858	0.61963	-0.450033	0.00275283	ACCEPTANCE: 0.346154
0.796406	0.619735	-0.452107	0.00247915	ACCEPTANCE: 0.230769
0.806508	0.61687	-0.449685	0.00238145	ACCEPTANCE: 0.178571
0.816971	0.611665	-0.447066	0.0027298	ACCEPTANCE: 0.5
0.806445	0.608775	-0.449806	0.00262608	ACCEPTANCE: 0.607143
0.793862	0.609149	-0.449674	0.00235531	ACCEPTANCE: 0.392857
0.796228	0.608771	-0.449945	0.00228694	ACCEPTANCE: 0.571429
0.792439	0.608736	-0.449004	0.0023663	ACCEPTANCE: 0.285714
0.801753	0.609603	-0.447191	0.00229663	ACCEPTANCE: 0.571429
0.800725	0.60231	-0.448629	0.00230192	ACCEPTANCE: 0.535714
0.804828	0.6031	-0.448918	0.00266868	ACCEPTANCE: 0.285714
0.800902	0.603433	-0.447491	0.00238745	ACCEPTANCE: 0.214286
0.804487	0.60259	-0.447756	0.00280455	ACCEPTANCE: 0.214286
0.793769	0.601896	-0.447696	0.00211396	ACCEPTANCE: 0.535714
0.796859	0.600452	-0.445101	0.00232665	ACCEPTANCE: 0.5
0.778483	0.602448	-0.446596	0.00224986	ACCEPTANCE: 0.5
0.785253	0.602462	-0.447534	0.00236943	ACCEPTANCE: 0.392857
0.793162	0.600627	-0.445524	0.00237703	ACCEPTANCE: 0.321429
0.790739	0.600001	-0.446605	0.00255322	ACCEPTANCE: 0.571429
0.784429	0.600672	-0.446044	0.00238738	ACCEPTANCE: 0.5
0.781964	0.600997	-0.446352	0.00237101	ACCEPTANCE: 0.178571
0.786674	0.601421	-0.446776	0.00226015	ACCEPTANCE: 0.535714
0.774465	0.608218	-0.443183	0.00240812	ACCEPTANCE: 0.607143
0.784425	0.608023	-0.448171	0.0024069	ACCEPTANCE: 0.428571
0.79182	0.610501	-0.448176	0.0025894	ACCEPTANCE: 0.5
0.781884	0.609532	-0.446221	0.00234418	ACCEPTANCE: 0.464286
0.791881	0.607661	-0.44755	0.00224499	ACCEPTANCE: 0.321429
0.794171	0.611633	-0.450667	0.00233733	ACCEPTANCE: 0.392857
0.793566	0.60999	-0.450204	0.00220796	ACCEPTANCE: 0.178571
0.797012	0.611073	-0.45055	0.00242608	ACCEPTANCE: 0.464286
0.789435	0.610233	-0.445805	0.00242632	ACCEPTANCE: 0.428571
0.793159	0.609066	-0.448686	0.00213381	ACCEPTANCE: 0.25
0.803399	0.610343	-0.446187	0.00249893	ACCEPTANCE: 0.321429
0.792616	0.609207	-0.450549	0.00215354	ACCEPTANCE: 0.392857
0.788662	0.608567	-0.448814	0.00223552	ACCEPTANCE: 0.285714
0.794414	0.611211	-0.449737	0.00234858	ACCEPTANCE: 0.464286
0.793576	0.610195	-0.451812	0.00224554	ACCEPTANCE: 0.392857
0.799738	0.61207	-0.449191	0.00231039	ACCEPTANCE: 0.178571
0.787724	0.609711	-0.448183	0.0023628	ACCEPTANCE: 0.607143
0.794611	0.610198	-0.451151	0.00205984	ACCEPTANCE: 0.392857
0.793046	0.60986	-0.45016	0.00229493	ACCEPTANCE: 0.535714
0.793541	0.610539	-0.451645	0.00213072	ACCEPTANCE: 0.25
0.792964	0.608971	-0.449903	0.00232956	ACCEPTANCE: 0.142857
0.798618	0.60706	-0.449095	0.00220049	ACCEPTANCE: 0.392857
0.790014	0.609793	-0.448354	0.00218026	ACCEPTANCE: 0.678571
0.792995	0.609684	-0.450831	0.00219043	ACCEPTANCE: 0.285714
0.798267	0.608281	-0.447914	0.00253273	ACCEPTANCE: 0.25
0.799124	0.608622	-0.449789	0.00250258	ACCEPTANCE: 0.464286
0.793289	0.610015	-0.451619	0.00226383	ACCEPTANCE: 0.25
0.793289	0.610015	-0.451619	0.00226383	ACCEPTANCE: 0
0.790962	0.612988	-0.450893	0.00246924	ACCEPTANCE: 0.357143
0.782796	0.615018	-0.448242	0.00243029	ACCEPTANCE: 0.5
0.792514	0.616878	-0.449807	0.002652	ACCEPTANCE: 0.464286
0.787199	0.614545	-0.447473	0.00248643	ACCEPTANCE: 0.571429
0.796615	0.614906	-0.449822	0.00261714	ACCEPTANCE: 0.285714
0.785594	0.615302	-0.447635	0.00266437	ACCEPTANCE: 0.571429
0.807537	0.61274	-0.450728	0.00242174	ACCEPTANCE: 0.357143
0.811245	0.612673	-0.449067	0.00296638	ACCEPTANCE: 0.428571
0.80846	0.613759	-0.45131	0.00244882	ACCEPTANCE: 0.357143
0.810565	0.61534	-0.450651	0.0028472	ACCEPTANCE: 0.321429
0.819262	0.614611	-0.44767	0.00268047	ACCEPTANCE: 0.428571
0.813574	0.614053	-0.4491	0.00259355	ACCEPTANCE: 0.607143
0.802885	0.613118	-0.448952	0.00222424	ACCEPTANCE: 0.321429
0.807792	0.615243	-0.450616	0.00233181	ACCEPTANCE: 0.428571
0.809791	0.615043	-0.453208	0.00231395	ACCEPTANCE: 0.0357143
0.809791	0.615043	-0.453208	0.00231395	ACCEPTANCE: 0
0.809791	0.615043	-0.453208	0.00231395	ACCEPTANCE: 0
0.807566	0.615036	-0.450348	0.00229391	ACCEPTANCE: 0.0714286
0.815841	0.614742	-0.450869	0.00245213	ACCEPTANCE: 0.321429
0.809714	0.615899	-0.448972	0.00241433	ACCEPTANCE: 0.178571
0.8084	0.615351	-0.449824	0.00260418	ACCEPTANCE: 0.392857
0.809117	0.616067	-0.449653	0.00249826	ACCEPTANCE: 0.285714
0.800941	0.61673	-0.447702	0.00273125	ACCEPTANCE: 0.5
0.798433	0.614561	-0.448031	0.00257462	ACCEPTANCE: 0.5
0.791476	0.615102	-0.451532	0.00246581	ACCEPTANCE: 0.357143
0.794113	0.617132	-0.448443	0.00276119	ACCEPTANCE: 0.428571
0.804379	0.619415	-0.450766	0.00251907	ACCEPTANCE: 0.285714
0.80286	0.620552	-0.452378	0.00254575	ACCEPTANCE: 0.25
0.80187	0.619965	-0.449793	0.00293435	ACCEPTANCE: 0.392857
0.806153	0.621012	-0.452135	0.00276082	ACCEPTANCE: 0.214286
0.806076	0.620742	-0.453626	0.00262458	ACCEPTANCE: 0.0357143
0.802007	0.621917	-0.451437	0.00258213	ACCEPTANCE: 0.25
0.807359	0.622611	-0.452233	0.00253172	ACCEPTANCE: 0.214286
0.807022	0.622219	-0.453656	0.00270252	ACCEPTANCE: 0.178571
0.80719	0.621459	-0.450495	0.0024726	ACCEPTANCE: 0.178571
0.805434	0.620422	-0.451198	0.0028526	ACCEPTANCE: 0.321429
0.806999	0.620007	-0.45059	0.00243509	ACCEPTANCE: 0.571429
0.806832	0.619051	-0.451965	0.00253596	ACCEPTANCE: 0.428571
0.806841	0.619665	-0.451873	0.00241011	ACCEPTANCE: 0.0714286
0.803066	0.622412	-0.451727	0.00248518	ACCEPTANCE: 0.25
0.815177	0.621655	-0.450391	0.00294577	ACCEPTANCE: 0.428571
0.820679	0.623175	-0.450523	0.00315056	ACCEPTANCE: 0.107143
0.820679	0.623175	-0.450523	0.00315056	ACCEPTANCE: 0
0.816553	0.62193	-0.452087	0.00246768	ACCEPTANCE: 0.178571
0.808349	0.622153	-0.44997	0.00340476	ACCEPTANCE: 0.214286
0.809117	0.622912	-0.451806	0.00255097	ACCEPTANCE: 0.357143
0.80674	0.622675	-0.452603	0.00265408	ACCEPTANCE: 0.178571
0.807159	0.622938	-0.451362	0.00262363	ACCEPTANCE: 0.178571
0.806967	0.62495	-0.452301	0.00285698	ACCEPTANCE: 0.392857
0.807332	0.624629	-0.450067	0.00260307	ACCEPTANCE: 0.25
0.806829	0.624574	-0.450892	0.00285571	ACCEPTANCE: 0.607143
0.803646	0.623285	-0.452077	0.00264014	ACCEPTANCE: 0.178571
