13.3899
11.6212
9.19832
7.89136
7.28742
7.03716
6.9315
6.81647
6.70723
6.57125
6.37967
6.2648
6.19525
6.16388
6.10039
6.07212
6.05173
6.03355
6.01672
6.01265
6.00721
6.00399
6.00278
5.9958
5.99369
5.95987
5.92714
5.88287
5.83919
5.7936
5.72996
5.68846
5.66538
5.63314
5.61042
5.61127
5.60279
5.57128
5.47871
5.446
5.41629
5.39747
5.37929
5.37213
5.35846
5.34654
5.34099
5.33809
5.33799
5.33399
5.33177
5.32629
5.32209
5.3207
5.32501
5.32755
5.31927
5.31535
5.31279
5.31706
5.3109
5.31482
5.31329
5.3135
5.31444
5.31289
5.30922
5.3063
5.30686
5.30568
5.30661
5.30815
5.30816
5.30711
5.30447
5.30542
5.30379
5.3051
5.30514
5.30546
5.30315
5.30362
5.30041
5.30269
5.30443
5.30403
5.30495
5.30312
5.30039
5.30238
5.30095
5.30187
5.29966
5.30028
5.30246
5.29858
5.29683
5.29897
5.2977
5.30059
