13.6391
11.798
10.407
8.9201
7.45409
7.15763
6.97369
6.8196
6.61203
6.40147
6.29331
6.21078
6.15545
6.12972
6.10011
6.09085
6.07777
6.05764
6.04446
6.04208
6.03082
6.02718
6.01671
6.00156
5.9795
5.96124
5.95123
5.90511
5.88498
5.79374
5.74862
5.68053
5.63363
5.60015
5.58166
5.5761
5.5688
5.56733
5.56517
5.4997
5.47444
5.43646
5.4206
5.41161
5.39285
5.38705
5.38575
5.36286
5.36008
5.35835
5.3447
5.3382
5.33943
5.33531
5.33992
5.34476
5.34224
5.33852
5.33579
5.33479
5.33462
5.33327
5.3352
5.33436
5.33247
5.32978
5.3323
5.33217
5.33028
5.32769
5.321
5.32424
5.32472
5.32855
5.32046
5.31845
5.32334
5.32606
5.3238
5.32682
5.3267
5.32344
5.32093
5.32067
5.32037
5.31483
5.31609
5.3215
5.32494
5.32301
5.31884
5.31798
5.31917
5.31701
5.31659
5.31849
5.31841
5.31783
5.31703
5.31384
