12.5855
11.2119
10.2964
8.76067
7.52324
7.10858
6.97439
6.91519
6.76348
6.53328
6.35319
6.2427
6.18707
6.13009
6.09602
6.0588
6.04144
6.02343
6.01064
6.00605
6.00371
6.00304
5.99352
5.97798
5.96799
5.93788
5.89377
5.86306
5.82095
5.78496
5.75114
5.69668
5.65564
5.61768
5.59908
5.59044
5.58502
5.5799
5.50573
5.45241
5.42189
5.39908
5.38447
5.38066
5.37823
5.36608
5.35147
5.34371
5.33791
5.33896
5.32984
5.33032
5.32727
5.33771
5.33032
5.33174
5.32534
5.32564
5.32263
5.32452
5.32139
5.32428
5.32028
5.32108
5.3196
5.32316
5.32397
5.32299
5.32122
5.31892
5.32121
5.32194
5.31886
5.32026
5.32017
5.32068
5.31973
5.32092
5.3194
5.3173
5.31919
5.31593
5.31648
5.31835
5.31995
5.31737
5.31815
5.31833
5.31648
5.31576
5.32063
5.31559
5.31204
5.31155
5.30737
5.30591
5.31053
5.31227
5.31308
5.31114
