12.6816
10.8447
9.96496
8.55905
7.42887
7.14124
6.96951
6.77176
6.61223
6.41552
6.29629
6.23259
6.16776
6.14103
6.09724
6.06469
6.0492
6.03044
6.01792
6.01046
6.00216
5.99488
5.98835
5.98442
5.96822
5.9449
5.90823
5.86312
5.83251
5.79196
5.71712
5.65387
5.61822
5.60408
5.59414
5.58758
5.57922
5.57687
5.51905
5.47687
5.44702
5.43038
5.40473
5.3892
5.36793
5.36347
5.36206
5.35204
5.34752
5.35448
5.35714
5.35164
5.34379
5.33597
5.32902
5.32804
5.33067
5.32974
5.32871
5.32709
5.33072
5.32857
5.32958
5.32874
5.32371
5.32309
5.326
5.3253
5.32752
5.33123
5.33374
5.3273
5.32656
5.32878
5.3322
5.33137
5.329
5.32347
5.32159
5.32055
5.31763
5.31783
5.31358
5.31226
5.31309
5.32164
5.31869
5.31857
5.31708
5.31499
5.31465
5.3164
5.31711
5.31774
5.31542
5.3187
5.31685
5.3215
5.32372
5.32247
