0	-6.22263
1	-6.07942
2	-5.92096
3	-5.91198
4	-5.82856
5	-5.86146
6	-5.81432
7	-5.77934
8	-5.73829
9	-5.67186
10	-5.60931
11	-5.64522
12	-5.60628
13	-5.67796
14	-5.64495
15	-5.6324
16	-5.63442
17	-5.57883
18	-5.55933
19	-5.51953
20	-5.44205
21	-5.53163
22	-5.53112
23	-5.54908
24	-5.45207
25	-5.42433
26	-5.38348
27	-5.44174
28	-5.38922
29	-5.38883
30	-5.32802
31	-5.36021
32	-5.35639
33	-5.34605
34	-5.29199
35	-5.33652
36	-5.33246
37	-5.35903
38	-5.28367
39	-5.32886
40	-5.29816
41	-5.32579
42	-5.31855
43	-5.28639
44	-5.3934
45	-5.39235
46	-5.4275
47	-5.3486
48	-5.47727
49	-5.36751
50	-5.35794
51	-5.26208
52	-5.18767
53	-5.18695
54	-5.25568
55	-5.2246
56	-5.15045
57	-5.17843
58	-5.16014
59	-5.18471
60	-5.15396
61	-5.27267
62	-5.34383
63	-5.32487
64	-5.29542
65	-5.31221
66	-5.26089
67	-5.28072
68	-5.24868
69	-5.24592
70	-5.286
71	-5.30872
72	-5.28894
73	-5.24858
74	-5.24463
75	-5.21466
76	-5.22867
77	-5.34852
78	-5.34318
79	-5.35842
80	-5.41343
81	-5.42861
82	-5.23746
83	-5.29861
84	-5.33303
85	-5.34065
86	-5.29831
87	-5.27864
88	-5.35044
89	-5.26298
90	-5.19515
91	-5.17247
92	-5.21085
93	-5.1939
94	-5.23278
95	-5.20345
96	-5.22038
97	-5.23333
98	-5.25223
99	-5.33467
100	-5.33232
101	-5.27208
102	-5.33486
103	-5.27407
104	-5.22792
105	-5.17059
106	-5.09053
107	-5.26199
108	-5.19539
109	-5.28109
110	-5.27816
111	-5.20218
112	-5.15981
113	-5.19584
114	-5.25734
115	-5.24404
116	-5.16483
117	-5.1458
118	-5.13114
119	-5.09744
120	-5.18528
121	-5.25043
122	-5.2897
123	-5.30623
124	-5.38144
125	-5.25862
126	-5.25802
127	-5.33489
128	-5.34711
129	-5.17189
130	-5.19463
131	-5.16499
132	-5.20004
133	-5.17355
134	-5.16258
135	-5.202
136	-5.20496
137	-5.19813
138	-5.30664
139	-5.249
140	-5.32244
141	-5.25661
142	-5.25602
143	-5.23654
144	-5.25891
145	-5.24063
146	-5.17375
147	-5.27741
148	-5.27035
149	-5.22966
150	-5.20491
151	-5.17324
152	-5.18477
153	-5.14419
154	-5.05752
155	-5.16853
156	-5.22761
157	-5.24341
158	-5.22882
159	-5.19684
160	-5.19405
161	-5.12763
162	-5.18189
163	-5.10955
164	-5.1856
165	-5.14191
166	-5.08906
167	-5.19532
168	-5.21098
169	-5.22889
170	-5.18177
171	-5.19398
172	-5.15479
173	-5.23987
174	-5.18188
175	-5.16049
176	-5.2108
177	-5.15286
178	-5.17915
179	-5.1353
180	-5.14097
181	-5.22785
182	-5.15424
183	-5.12723
184	-5.12651
185	-5.22228
186	-5.28443
187	-5.15677
188	-5.09811
189	-5.2266
190	-5.1577
191	-5.15757
192	-5.15567
193	-5.13684
194	-5.10569
195	-5.08652
196	-5.09746
197	-5.02737
198	-5.06676
199	-5.10892
200	-5.11208
201	-5.09687
202	-5.161
203	-5.11763
204	-5.03601
205	-5.02079
206	-5.09487
207	-5.11991
208	-5.07366
209	-5.10492
210	-5.14918
211	-5.13238
212	-5.13446
213	-5.19898
214	-5.12951
215	-5.05731
216	-5.16751
217	-5.15936
218	-5.17064
219	-5.2164
220	-5.16927
221	-5.08385
222	-5.16754
223	-5.14637
224	-5.14038
225	-5.1087
226	-5.03981
227	-4.99607
228	-5.00649
229	-5.00312
230	-4.96787
231	-5.08686
232	-5.05469
233	-5.0789
234	-5.15207
235	-5.1426
236	-5.1514
237	-5.17392
238	-5.1133
239	-5.15972
240	-5.14798
241	-5.15554
242	-5.14968
243	-5.17625
244	-5.12439
245	-5.13131
246	-5.08063
247	-5.00776
248	-5.06956
249	-5.06075
250	-5.19284
251	-5.16996
252	-5.10298
253	-5.07463
254	-5.04344
255	-5.03956
256	-4.99218
257	-5.00472
258	-5.04088
259	-5.06186
260	-5.087
261	-5.14566
262	-5.067
263	-5.12698
264	-5.00828
265	-4.95419
266	-5.10252
267	-5.07557
268	-5.04575
269	-5.11444
270	-5.05612
271	-5.10016
272	-5.13747
273	-5.20032
274	-5.17444
275	-5.11032
276	-5.14904
277	-5.06324
278	-4.95724
279	-5.01635
280	-5.09498
281	-5.11332
282	-5.08521
283	-5.0038
284	-5.08579
285	-5.1307
286	-5.15054
287	-5.03126
288	-5.04882
289	-4.99916
290	-4.96797
291	-5.03815
292	-4.94962
293	-4.91394
294	-4.85265
295	-4.82335
296	-4.92694
297	-4.90598
298	-4.92351
299	-4.94139
300	-5.00109
301	-4.9224
302	-4.9508
303	-5.08121
304	-5.03192
305	-4.98891
306	-4.97722
307	-4.96998
308	-5.02188
309	-5.07576
310	-5.09528
311	-5.1187
312	-5.05565
313	-4.93839
314	-4.96832
315	-5.01334
316	-5.08206
317	-5.08833
318	-5.07899
319	-5.06109
320	-5.03581
321	-5.01103
322	-5.07439
323	-5.08298
324	-5.00898
325	-4.94597
326	-4.93287
327	-4.86369
328	-4.8328
329	-4.76274
330	-4.90893
331	-4.98164
332	-4.97465
333	-4.91349
334	-4.98264
335	-5.01416
336	-5.00456
337	-5.07592
338	-4.98428
339	-4.92715
340	-5.01612
341	-5.05644
342	-5.10249
343	-5.13957
344	-5.10107
345	-5.07887
346	-4.99735
347	-4.96857
348	-4.92181
349	-4.91305
350	-4.88066
351	-4.93122
352	-4.93895
353	-5.01006
354	-4.96519
355	-4.96315
356	-4.9656
357	-5.01087
358	-5.09446
359	-5.06668
360	-5.12456
361	-5.10461
362	-5.11259
363	-5.05282
364	-5.02335
365	-4.95069
366	-4.93742
367	-4.85334
368	-4.82972
369	-4.81895
370	-4.88641
371	-4.8797
372	-4.7854
373	-4.85626
374	-4.80707
375	-4.91231
376	-4.96466
377	-4.9312
378	-4.83697
379	-4.86919
380	-4.89261
381	-4.97046
382	-4.97329
383	-4.89597
384	-4.86567
385	-4.88175
386	-4.94451
387	-5.01022
388	-5.0184
389	-5.0315
390	-4.95504
391	-4.91124
392	-4.81328
393	-4.88895
394	-5.05099
395	-5.00035
396	-5.05577
397	-5.04039
398	-5.11046
399	-5.11868
400	-5.08547
401	-5.10829
402	-5.02504
403	-5.0315
404	-5.09495
405	-5.1426
406	-5.09413
407	-5.08794
408	-5.09505
409	-5.09219
410	-5.01936
411	-5.02578
412	-5.05036
413	-5.06704
414	-5.0263
415	-5.05695
416	-4.99212
417	-5.03852
418	-5.02305
419	-5.08118
420	-5.0531
421	-5.18391
422	-5.21179
423	-5.14806
424	-5.09552
425	-5.11488
426	-5.09303
427	-5.01749
428	-5.06383
429	-5.16864
430	-5.11304
431	-5.10516
432	-5.1605
433	-5.20692
434	-5.09163
435	-5.12374
436	-5.11299
437	-5.03019
438	-5.14074
439	-5.11935
440	-5.14951
441	-5.20661
442	-5.07538
443	-5.11137
444	-4.99641
445	-4.97076
446	-5.04905
447	-5.05728
448	-5.03296
449	-4.97241
450	-4.94317
451	-4.92896
452	-5.06707
453	-5.08022
454	-5.1299
455	-5.00666
456	-5.06976
457	-5.14192
458	-5.16692
459	-5.08927
460	-5.14709
461	-5.18714
462	-5.20318
463	-5.20016
464	-5.21536
465	-5.22388
466	-5.21725
467	-5.17856
468	-5.2272
469	-5.17793
470	-5.12094
471	-5.14409
472	-5.06115
473	-5.08093
474	-5.13332
475	-5.0983
476	-5.10073
477	-5.20592
478	-5.04565
479	-5.11463
480	-5.11773
481	-5.1016
482	-5.043
483	-5.08221
484	-5.13009
485	-5.12562
486	-5.08449
487	-5.00377
488	-5.01632
489	-5.02775
490	-4.98343
491	-5.04626
492	-4.97911
493	-4.9656
494	-5.02261
495	-5.08952
496	-4.98211
497	-5.0706
498	-5.08779
499	-5.0912
