17.9441
13.2443
11.8024
10.575
9.82734
9.41099
9.02973
8.61674
8.37371
8.16849
7.97484
7.69544
7.53554
7.3858
7.31889
7.27155
7.24309
7.21481
7.18818
7.15519
7.12307
7.08701
7.05893
7.03002
6.97623
6.91621
6.82502
6.75216
6.59156
6.46859
6.40282
6.31188
6.26315
6.24247
6.22245
6.20077
6.17015
6.14599
6.12879
6.11031
6.10111
6.08482
6.07553
6.06901
6.06161
6.0566
6.04912
6.04883
6.0422
6.03194
6.02633
6.01205
6.00374
5.99774
5.98948
5.98502
5.97719
5.97409
5.96963
5.9638
5.95641
5.95266
5.94863
5.94485
5.93373
5.92165
5.91026
5.90259
5.89383
5.88835
5.88494
5.88095
5.86973
5.85662
5.8452
5.83933
5.83528
5.82444
5.81932
5.81643
5.81029
5.80705
5.80342
5.80219
5.79835
5.7964
5.78886
5.78715
5.78534
5.78298
5.78116
5.78027
5.77826
5.77731
5.77611
5.77367
5.7715
5.76857
5.76717
5.76461
5.76491
5.75938
5.74058
5.73268
5.71951
5.70821
5.68532
5.67545
5.66404
5.65482
5.63919
5.63337
5.61586
5.60987
5.58021
5.57311
5.55974
5.54893
5.53827
5.53191
5.52426
5.51712
5.50713
5.49958
5.4971
5.49434
5.49185
5.49004
5.48256
5.48137
5.47656
5.47391
5.47322
5.47088
5.46945
5.4672
5.46402
5.46113
5.46043
5.46025
5.45926
5.45824
5.45927
5.45851
5.45674
5.4548
5.45219
5.45197
5.44799
5.44511
5.44359
5.44136
5.44062
5.43962
5.43891
5.43664
5.43557
5.43186
5.43191
5.43155
5.42984
5.42895
5.42845
5.42827
5.42641
5.42461
5.42469
5.42409
5.42202
5.42209
5.42225
5.42191
5.42142
5.42046
5.42102
5.42111
5.42081
5.42058
5.42109
5.42053
5.41953
5.41906
5.41945
5.42031
5.41939
5.41864
5.41819
5.41818
5.418
5.41751
5.41748
5.41735
5.41771
5.41749
5.41727
5.41682
5.41682
5.41604
5.41591
5.41602
5.41595
5.4169
5.41669
5.41645
5.417
5.41627
5.41662
5.41636
5.41531
5.41606
5.41572
5.41497
5.41506
5.41469
5.41464
5.41396
5.41386
5.41349
5.41324
5.41315
5.41304
5.41295
5.4129
5.41303
5.41294
5.41351
5.41256
5.41269
5.41281
5.41309
5.41321
5.41285
5.41319
5.41347
5.41308
5.41299
5.41273
5.41338
5.41364
5.41317
5.41286
5.41336
5.41282
5.41287
5.41328
5.41255
5.41261
5.41246
5.41303
5.41304
5.41208
5.41149
5.41151
5.41169
5.41209
5.41183
5.41209
5.41185
5.41205
5.41248
5.41253
5.41236
5.41218
5.41183
5.41148
5.41162
5.41098
5.4111
5.41188
5.41138
5.4102
5.41037
5.41106
5.41143
5.41165
5.41168
5.41144
5.41104
5.41005
5.41059
5.41013
5.41019
5.4104
5.41017
5.41044
5.4105
5.41083
5.41114
5.41131
5.41117
5.4114
5.41082
5.41123
5.41166
5.41117
5.41094
5.41089
5.41015
5.41062
5.4109
5.41136
5.41115
5.41168
5.41157
5.41124
5.41123
5.41104
5.4114
5.4115
5.41184
5.41229
5.41194
5.41173
5.41144
5.41123
5.41054
5.4103
5.41024
5.40981
5.40992
5.41046
5.41044
5.41038
5.41088
5.41081
5.4112
5.41112
5.41098
5.41027
5.4098
5.4102
5.41049
5.41119
5.41114
5.41102
5.41083
5.41049
5.41068
5.41055
5.41091
5.4113
5.41151
5.41112
5.4111
5.41032
5.41004
5.41018
5.40951
5.40949
5.40987
5.40984
5.41001
5.41056
5.40953
5.40945
5.40945
5.40924
5.40938
5.40998
5.40975
5.40988
5.40974
5.40965
5.40966
5.40985
5.40962
5.40978
5.41009
5.40984
5.40945
5.40958
5.40983
5.40947
5.41008
5.40967
5.40945
5.40907
5.4087
5.40897
5.40931
5.40954
5.40962
5.40923
5.40913
5.40908
5.40898
5.40857
5.4084
5.40775
5.40823
5.40851
5.40841
5.40826
5.4084
5.40833
5.40884
5.40881
5.4093
5.40863
5.4087
5.409
5.40886
5.40913
5.40848
5.40853
5.40816
5.40804
5.40794
5.40864
5.40868
5.4083
5.40785
5.40814
5.40812
5.40831
5.40868
5.40839
5.40835
5.40831
5.40826
5.40796
5.40816
5.40798
5.40853
5.40734
5.40733
5.40651
5.40635
5.40675
5.40703
5.40712
5.40722
5.40696
5.40701
5.40709
5.4075
5.40737
5.4077
5.40757
5.4076
5.40708
5.40706
5.40682
5.40676
5.4067
5.40572
5.40557
5.40546
5.40519
5.40527
5.40558
5.40539
5.40551
5.40539
5.40535
5.40513
5.40498
5.40486
5.40477
5.40453
5.4041
5.40395
5.40439
5.40422
5.40277
5.40058
5.39968
5.39988
5.3993
5.39865
5.39859
5.39851
5.39825
5.39809
5.3979
5.39759
5.39766
5.39726
5.39796
5.39756
5.39755
5.39686
5.39608
5.39631
5.39684
5.39653
5.39636
5.39626
5.39633
5.39558
5.39481
5.39506
5.39502
5.39546
5.39552
5.39459
5.39432
5.39412
5.39405
5.3936
