27.1726
22.5272
18.6159
16.6562
16.049
15.4041
15.0271
13.9484
13.2078
12.7135
12.5347
12.172
11.6216
11.2768
10.8986
10.623
10.4036
10.2538
10.1115
10.0556
9.98687
9.95253
9.88273
9.80817
9.70167
9.67174
9.62224
9.58632
9.58537
9.46118
9.33877
9.2807
9.18801
9.12391
9.03136
8.99173
8.95715
8.92583
8.89526
8.87669
8.89224
8.89034
8.889
8.88495
8.87605
8.85658
8.86301
8.84542
8.84277
8.84634
8.82925
8.8277
8.83065
8.82521
8.83484
8.82941
8.81124
8.80706
8.80969
8.80968
8.81386
8.81487
8.81216
8.81596
8.81608
8.80801
8.81157
8.81864
8.81542
8.81275
8.81598
8.81153
8.8129
8.80933
8.80958
8.81083
8.8091
8.79602
8.77979
8.78145
8.771
8.76363
8.71173
8.67151
8.6502
8.60164
8.57964
8.55716
8.54161
8.52338
8.42454
8.39134
8.3583
8.31784
8.19948
8.08357
8.0375
7.96102
7.92383
7.88373
