692.634
528.086
459.064
437.18
428.397
422.119
414.153
406.232
394.51
374.554
347.612
334.953
327.668
322.352
319.73
318.113
315.704
313.083
310.208
307.326
303.794
301.092
298.913
297.794
296.874
296.231
295.086
294.423
293.68
292.542
291.867
291.535
291.031
290.678
290.403
289.481
288.755
288.459
287.857
287.677
287.172
287.022
286.648
286.445
286.237
285.99
285.838
285.725
285.676
285.631
285.589
285.505
285.429
285.443
285.456
285.405
285.355
285.392
285.364
285.322
285.256
285.251
285.129
285.08
284.941
284.879
284.985
284.906
284.95
284.837
284.886
284.856
284.966
284.745
284.799
284.798
284.769
284.775
284.786
284.799
284.753
284.737
284.823
284.782
284.836
284.862
284.855
284.805
284.863
285.012
284.977
284.931
284.801
284.813
284.763
284.753
284.725
284.771
284.728
284.447
