691.537
539.993
462.916
439.957
429.441
420.969
414.185
398.598
385.723
365.221
347.364
337.321
330.615
325.134
321.999
319.232
316.89
314.046
312.195
308.976
304.002
302.056
299.882
298.355
297.027
296.123
295.484
294.283
293.578
292.786
292.073
291.703
291.177
290.775
289.926
289.375
288.822
288.114
287.726
287.318
287.001
286.703
286.326
286.2
286.104
286.142
285.943
285.872
285.8
285.604
285.471
285.327
285.338
285.145
285.104
285.105
285.152
285.12
285.098
285.087
285.032
285.023
285.115
284.98
284.956
284.887
284.831
284.818
284.832
284.837
284.846
284.931
284.938
284.91
284.827
284.8
284.833
284.871
284.833
284.879
284.814
284.724
284.822
284.864
284.781
284.747
284.684
284.623
284.644
284.677
284.64
284.681
284.705
284.694
284.662
284.694
284.701
284.68
284.495
284.305
