678.42
523.86
457.422
438.329
425.871
417.506
407.436
398.335
388.835
369.441
347.547
337.571
328.942
324.592
321.891
318.964
317.446
315.07
312.451
309.676
305.62
303.308
301.34
299.119
297.696
296.6
295.651
295.113
294.678
293.512
292.937
292.027
291.652
291.335
291.141
290.2
288.999
288.347
287.879
287.249
286.983
286.692
286.554
286.104
285.93
285.848
285.758
285.622
285.568
285.445
285.407
285.25
285.075
285.081
285.124
285.14
285.06
284.976
284.95
284.881
284.98
284.904
284.843
284.803
284.81
284.758
284.835
284.785
284.801
284.861
284.879
284.857
284.859
284.795
284.781
284.923
284.852
284.888
284.838
284.863
284.822
284.852
284.8
284.763
284.843
284.847
284.93
284.882
284.859
284.783
284.803
284.799
284.746
284.747
284.709
284.68
284.497
284.548
284.288
284.205
