667.751
521.592
458.134
437.444
425.528
416.148
408.351
397.593
388.166
370.793
346.195
334.676
326.691
322.921
320.163
318.167
316.391
313.679
311.362
308.673
305.749
303.124
301.072
298.798
297.255
296.305
295.164
294.113
293.327
292.454
291.977
291.532
291.17
290.765
290.387
289.944
289.097
288.48
287.984
287.623
287.313
286.945
286.725
286.482
286.392
286.106
285.927
285.839
285.79
285.612
285.58
285.495
285.4
285.322
285.259
285.208
285.194
285.145
285.064
285.064
285.049
285.039
285.007
284.957
284.886
284.953
284.949
285.022
284.99
284.988
284.971
284.889
284.983
284.878
284.901
284.811
284.847
284.935
284.846
284.863
284.904
284.829
284.807
284.74
284.757
284.797
284.815
284.744
284.718
284.667
284.689
284.633
284.694
284.663
284.709
284.638
284.712
284.693
284.571
284.26
