           1    0.715372    0.715372           0
           2    0.914608     0.81499    0.099618
           3    0.923172    0.851051   0.0678844
           4    0.906636    0.864947   0.0499725
           5    0.874152    0.866788   0.0387523
           6    0.741128    0.845845   0.0379445
           7    0.804976    0.840006   0.0325961
           8     0.93736    0.852175   0.0307403
           9     0.77536     0.84364   0.0284222
          10      0.8916    0.848436     0.02587
          11    0.945332    0.857245   0.0250034
          12    0.765628     0.84961   0.0240679
          13    0.807752     0.84639   0.0223722
          14     0.91318    0.851161   0.0212549
          15     0.83628    0.850169   0.0198121
          16     0.95662    0.856822   0.0196906
          17    0.957744    0.862759   0.0194254
          18    0.886464    0.864076   0.0183618
          19     0.92422    0.867241   0.0176546
          20    0.883072    0.868033   0.0167673
           1    0.483796    0.483796           0
           2     0.91678    0.700288    0.216492
           3    0.865324      0.7553    0.136562
           4    0.850564    0.779116   0.0994577
           5      0.8574    0.794773   0.0786144
           6     0.89824    0.812017   0.0664645
           7    0.866532    0.819805     0.05671
           8    0.877464    0.827013   0.0496384
           9     0.50386    0.791107   0.0566184
          10    0.610156    0.773012   0.0537768
          11    0.947016     0.78883   0.0511504
          12    0.910436    0.798964   0.0477808
          13    0.725668    0.793326   0.0443121
          14      0.8644    0.798403   0.0413379
          15     0.83134    0.800598   0.0385461
          16     0.90196    0.806934   0.0366089
          17    0.830156      0.8083   0.0344152
          18     0.73864     0.80443   0.0326769
          19    0.841232    0.806367   0.0309699
          20    0.881348    0.810116   0.0296189
           1     0.78504     0.78504           0
           2      0.8361     0.81057     0.02553
           3    0.798728    0.806623   0.0152592
           4      0.7694    0.797317   0.0142484
           5    0.797888    0.797431   0.0110373
           6    0.716228    0.783897   0.0162598
           7    0.816692    0.788582   0.0145187
           8    0.722684    0.780345   0.0150315
           9    0.724928    0.774188   0.0146168
          10    0.670628    0.763832   0.0166783
          11    0.892072     0.77549   0.0190658
          12    0.731212      0.7718   0.0177914
          13    0.698084     0.76613   0.0173203
          14    0.710588    0.762162   0.0165189
          15    0.790608    0.764059   0.0154948
          16     0.82522    0.767881   0.0149896
          17    0.775144    0.768308   0.0140868
          18    0.739752    0.766722   0.0133756
          19    0.744556    0.765555   0.0127057
          20    0.834852     0.76902   0.0125418
           1     0.70708     0.70708           0
           2     0.69386     0.70047     0.00661
           3    0.779584    0.726841    0.026646
           4    0.720476     0.72525   0.0189087
           5    0.685744    0.717349   0.0166419
           6      0.5703    0.692841   0.0280229
           7    0.612128     0.68131   0.0263413
           8     0.67046    0.679954   0.0228526
           9     0.73788     0.68639   0.0211568
          10    0.607612    0.678512   0.0204975
          11    0.838624    0.693068   0.0235717
          12    0.693248    0.693083   0.0215179
          13    0.639748     0.68898   0.0202143
          14    0.670104    0.687632   0.0187633
          15    0.667316    0.686278   0.0175201
          16    0.759144    0.690832   0.0170096
          17     0.70978    0.691946   0.0160165
          18      0.7702    0.696294   0.0157139
          19      0.7135    0.697199   0.0148914
          20    0.769716    0.700825   0.0145851
           1    0.562976    0.562976           0
           2    0.667444     0.61521    0.052234
           3    0.566116    0.598845   0.0343113
           4    0.582176    0.594678   0.0246171
           5    0.621236     0.59999   0.0197943
           6     0.51706    0.586168   0.0212661
           7    0.671696    0.598386   0.0217329
           8    0.594692    0.597925   0.0188269
           9     0.56534    0.594304   0.0169939
          10    0.548524    0.589726   0.0158743
          11    0.736984    0.603113   0.0196314
          12    0.631132    0.605448   0.0180724
          13    0.571956    0.602872   0.0168226
          14    0.508516    0.596132   0.0169704
          15    0.594904     0.59605   0.0157988
          16    0.695904    0.602291   0.0160421
          17    0.628384    0.603826   0.0151469
          18    0.787704    0.614041   0.0175583
          19     0.52284    0.609241   0.0172882
          20    0.692912    0.613425   0.0169262
           1      0.5031      0.5031           0
           2    0.567088    0.535094    0.031994
           3     0.65972    0.576636   0.0454636
           4    0.531472    0.565345   0.0340728
           5    0.556216    0.563519   0.0264558
           6    0.524152    0.556958   0.0225755
           7    0.413496    0.536463   0.0280012
           8    0.520908    0.534519   0.0243276
           9    0.490844    0.529666   0.0219969
          10     0.52876    0.529576   0.0196748
          11    0.631852    0.538873    0.020079
          12     0.49536    0.535247   0.0186848
          13     0.53446    0.535187   0.0171876
          14    0.540264    0.535549   0.0159168
          15    0.441084    0.529252   0.0161005
          16     0.56854    0.531707   0.0152595
          17    0.407432    0.524397   0.0160903
          18    0.589816    0.528031   0.0155994
          19     0.50842    0.526999   0.0147916
          20     0.52568    0.526933   0.0140327
           1    0.467756    0.467756           0
           2      0.5596    0.513678    0.045922
           3    0.503908    0.510421   0.0267123
           4     0.44042    0.492921   0.0257495
           5     0.50072    0.494481   0.0200064
           6    0.452688    0.487515   0.0177582
           7     0.51356    0.491236   0.0154627
           8    0.559244    0.499737   0.0158616
           9    0.459912    0.495312   0.0146718
          10    0.523904    0.498171   0.0134307
          11    0.563908    0.504147   0.0135388
          12    0.566888    0.509376   0.0134196
          13    0.502276     0.50883   0.0123563
          14    0.534992    0.510698   0.0115914
          15    0.486964    0.509116   0.0109064
          16     0.49928    0.508501   0.0102205
          17    0.398492     0.50203   0.0115778
          18    0.478844    0.500742   0.0109914
          19      0.3976    0.495313   0.0117287
          20    0.481604    0.494628   0.0111479
           1      0.4369      0.4369           0
           2    0.479964    0.458432    0.021532
           3    0.446224    0.454363   0.0130806
           4    0.421944    0.446258   0.0122978
           5     0.46344    0.449694   0.0101267
           6    0.470244    0.453119  0.00894971
           7    0.467088    0.455115  0.00782269
           8    0.420096    0.450738   0.0080658
           9    0.413836    0.446637  0.00821044
          10     0.51654    0.453628   0.0101387
          11    0.477208    0.455771  0.00941799
          12    0.515212    0.460725  0.00992228
          13    0.503504    0.464015  0.00970227
          14    0.371932    0.457438   0.0111332
          15    0.391716    0.453057   0.0112525
          16    0.413388    0.450577   0.0108138
          17    0.358648     0.44517   0.0115075
          18    0.419376    0.443737   0.0109436
          19    0.384808    0.440635   0.0108063
          20    0.501344    0.443671   0.0106917
           1    0.372012    0.372012           0
           2     0.39576    0.383886    0.011874
           3    0.334868    0.367547   0.0177192
           4    0.316772    0.354853   0.0178358
           5     0.38122    0.360126   0.0147878
           6    0.321692    0.353721   0.0136682
           7    0.386512    0.358405   0.0124654
           8     0.40478    0.364202   0.0122533
           9    0.399456    0.368119   0.0114944
          10    0.439052    0.375212   0.0124905
          11     0.37728      0.3754   0.0112996
          12    0.458548    0.382329   0.0124263
          13    0.375676    0.381818    0.011442
          14    0.363056    0.380477   0.0106776
          15    0.377404    0.380273  0.00994243
          16     0.36412    0.379263  0.00935493
          17    0.309112    0.375136  0.00970809
          18    0.393844    0.376176  0.00921169
          19    0.268392    0.370503   0.0103973
          20    0.426956    0.373326   0.0102597
           1    0.371276    0.371276           0
           2     0.33918    0.355228    0.016048
           3    0.357156    0.355871  0.00928758
           4     0.27556    0.335793   0.0211244
           5    0.340308    0.336696   0.0163878
           6    0.327692    0.335195   0.0134645
           7    0.347272    0.336921   0.0115096
           8    0.378164    0.342076   0.0112219
           9    0.344052    0.342296  0.00989925
          10    0.297892    0.337855  0.00990519
          11    0.305384    0.334903  0.00943335
          12    0.399212    0.340262   0.0101428
          13    0.368344    0.342422  0.00957681
          14    0.291292     0.33877  0.00958913
          15     0.26096    0.333583   0.0103247
          16    0.326808    0.333159  0.00966717
          17    0.301212     0.33128  0.00927315
          18    0.343756    0.331973  0.00877024
          19    0.310312    0.330833  0.00837378
          20    0.307568     0.32967  0.00802879
           1    0.278532    0.278532           0
           2    0.321872    0.300202     0.02167
           3    0.291628    0.297344   0.0128335
           4    0.249848     0.28547   0.0149446
           5     0.24988    0.278352   0.0135893
           6    0.331344    0.287184   0.0141816
           7     0.28766    0.287252   0.0119858
           8    0.337496    0.293532   0.0121322
           9    0.316812    0.296119   0.0110078
          10    0.334976    0.300005   0.0105847
          11    0.327408    0.302496  0.00989301
          12     0.27452    0.300165  0.00932711
          13     0.31182    0.301061  0.00862641
          14     0.18796    0.292983     0.01136
          15    0.180884    0.285509   0.0129496
          16     0.28022    0.285179   0.0121177
          17     0.32468    0.287502   0.0116174
          18    0.319908    0.289303   0.0110999
          19     0.25376    0.287432   0.0106648
          20     0.24588    0.285354   0.0103287
           1     0.22228     0.22228           0
           2    0.223736    0.223008    0.000728
           3    0.261652    0.235889   0.0128882
           4    0.276368    0.246009   0.0136184
           5    0.215976    0.240002    0.012139
           6    0.303412    0.250571   0.0144888
           7    0.249636    0.250437    0.012246
           8    0.304648    0.257213   0.0125854
           9    0.253416    0.256792   0.0111073
          10    0.230504    0.254163   0.0102766
          11    0.240744    0.252943  0.00937522
          12    0.270044    0.254368   0.0086762
          13    0.251964    0.254183  0.00798309
          14    0.183328    0.249122  0.00895767
          15     0.21128    0.246599  0.00871239
          16    0.287116    0.249131  0.00853406
          17    0.288652    0.251456  0.00834663
          18    0.252548    0.251517  0.00786951
          19    0.199768    0.248793  0.00792644
          20     0.21466    0.247087  0.00771092
           1    0.167056    0.167056           0
           2     0.22176    0.194408    0.027352
           3    0.206648    0.198488   0.0163102
           4    0.257408    0.213218   0.0187079
           5     0.22502    0.215578    0.014682
           6     0.23424    0.218689   0.0123847
           7      0.1886     0.21439   0.0113152
           8    0.231792    0.216566   0.0100378
           9    0.208636    0.215684  0.00889625
          10    0.244076    0.218524   0.0084484
          11    0.234656     0.21999  0.00778132
          12    0.261432    0.223444  0.00789835
          13    0.238388    0.224593  0.00735581
          14    0.210212    0.223566  0.00688719
          15    0.185416    0.221023  0.00689765
          16    0.247808    0.222697   0.0066658
          17    0.248568    0.224219  0.00644372
          18     0.28018    0.227328  0.00682449
          19    0.189892    0.225357  0.00674931
          20    0.238736    0.226026  0.00643781
           1    0.219204    0.219204           0
           2     0.19568    0.207442    0.011762
           3    0.191412    0.202099  0.00864095
           4      0.2136    0.204974  0.00675282
           5    0.209028    0.205785  0.00529318
           6    0.213044    0.206995  0.00448801
           7    0.193764    0.205105   0.0042379
           8    0.242008    0.209718  0.00589482
           9    0.241332     0.21323  0.00627425
          10    0.213092    0.213216  0.00561187
          11    0.164984    0.208832   0.0067077
          12    0.242008    0.211596  0.00671848
          13    0.263356    0.215578   0.0073516
          14    0.206048    0.214897  0.00684022
          15    0.151408    0.210665  0.00764625
          16    0.223684    0.211478  0.00719855
          17    0.243712    0.213374  0.00702267
          18      0.2087    0.213115  0.00662613
          19    0.149356    0.209759  0.00710949
          20     0.22498     0.21052  0.00678745
           1    0.186468    0.186468           0
           2    0.164752     0.17561    0.010858
           3     0.19964     0.18362   0.0101715
           4    0.214832    0.191423   0.0106121
           5    0.152356     0.18361    0.011341
           6    0.202512     0.18676  0.00978115
           7    0.168084    0.184092  0.00868646
           8     0.16056     0.18115  0.00807734
           9    0.172036    0.180138  0.00719517
          10    0.193468    0.181471  0.00657216
          11    0.150772     0.17868  0.00656723
          12    0.199388    0.180406  0.00623846
          13    0.180156    0.180386  0.00573858
          14     0.17934    0.180312  0.00531342
          15    0.126932    0.176753  0.00609361
          16    0.197308    0.178038  0.00584303
          17    0.209608    0.179895  0.00579423
          18    0.216148    0.181909   0.0058223
          19     0.16526    0.181033  0.00557662
          20    0.214196    0.182691  0.00554422
           1    0.150948    0.150948           0
           2    0.154012     0.15248    0.001532
           3    0.139904    0.148288   0.0042843
           4    0.215164    0.165007   0.0169912
           5    0.122072     0.15642   0.0157149
           6    0.144616    0.154453   0.0129811
           7    0.153792    0.154358   0.0109714
           8    0.178652    0.157395  0.00997502
           9    0.131948    0.154568  0.00924036
          10     0.18546    0.157657  0.00882331
          11    0.159176    0.157795  0.00798218
          12    0.173948    0.159141  0.00740999
          13    0.179332    0.160694  0.00699091
          14       0.175    0.161716  0.00655249
          15    0.111904    0.158395  0.00694537
          16      0.1855    0.160089  0.00671403
          17    0.185524    0.161585  0.00648177
          18    0.182804    0.162764  0.00622373
          19    0.175304    0.163424  0.00592394
          20    0.162476    0.163377  0.00562014
           1    0.155824    0.155824           0
           2    0.135868    0.145846    0.009978
           3    0.109596    0.133763   0.0133863
           4    0.133856    0.133786  0.00946559
           5    0.127916    0.132612  0.00742541
           6      0.1623     0.13756  0.00782563
           7     0.13486    0.137174   0.0066251
           8     0.19052    0.143842  0.00879682
           9    0.133496    0.142693  0.00784278
          10    0.149924    0.143416  0.00705197
          11    0.136548    0.142792  0.00640923
          12    0.154328    0.143753  0.00592926
          13    0.180384    0.146571    0.006139
          14    0.144088    0.146393  0.00568637
          15    0.119536    0.144603  0.00558833
          16     0.16346    0.145782  0.00535861
          17      0.1581    0.146506  0.00508543
          18    0.138804    0.146078  0.00481365
          19    0.134224    0.145454   0.0045958
          20    0.128864    0.144625  0.00443817
           1     0.11954     0.11954           0
           2    0.111844    0.115692    0.003848
           3     0.11908    0.116821  0.00249221
           4    0.132612    0.120769  0.00432315
           5    0.113984    0.119412   0.0036132
           6    0.146836    0.123983  0.00544008
           7     0.13298    0.125268  0.00477399
           8    0.156024    0.129112  0.00564566
           9    0.122776    0.128408  0.00502853
          10     0.14578    0.130146  0.00482147
          11    0.148972    0.131857  0.00468499
          12     0.17028    0.135059  0.00534258
          13    0.160256    0.136997  0.00528287
          14     0.15028    0.137946  0.00498216
          15    0.101216    0.135497  0.00524483
          16      0.1496    0.136379  0.00498464
          17    0.145932    0.136941  0.00471585
          18    0.144804    0.137378  0.00446756
          19      0.1249    0.136721  0.00427661
          20    0.143308     0.13705   0.0040705
           1    0.109628    0.109628           0
           2    0.114924    0.112276    0.002648
           3    0.102864    0.109139  0.00349001
           4    0.139104     0.11663  0.00788734
           5     0.09992    0.113288  0.00696384
           6    0.116388    0.113805  0.00570938
           7     0.09588    0.111244  0.00546265
           8    0.109508    0.111027  0.00473577
           9    0.118296    0.111835  0.00425393
          10    0.142016    0.114853  0.00485653
          11    0.140224    0.117159  0.00496159
          12    0.138124    0.118906  0.00485455
          13     0.16444    0.122409  0.00567531
          14     0.12828    0.122828  0.00527103
          15    0.101052    0.121377  0.00511731
          16     0.12288     0.12147  0.00478772
          17    0.099208    0.120161  0.00468407
          18    0.139836    0.121254  0.00454944
          19    0.146656    0.122591  0.00450624
          20     0.12382    0.122652  0.00427544
           1    0.115704    0.115704           0
           2    0.104088    0.109896    0.005808
           3      0.1092    0.109664  0.00336127
           4    0.141784    0.117694  0.00837436
           5    0.127388    0.119633   0.0067703
           6     0.12034    0.119751  0.00552918
           7    0.131584    0.121441  0.00496938
           8     0.07846    0.116068  0.00688377
           9    0.133636     0.11802    0.006377
          10      0.1266    0.118878  0.00576793
          11    0.093184    0.116543  0.00571632
          12    0.126136    0.117342  0.00527915
          13    0.165148    0.121019  0.00609138
          14    0.117788    0.120789  0.00564425
          15    0.077324    0.117891  0.00600051
          16    0.118336    0.117919  0.00561303
          17     0.09224    0.116408  0.00548463
          18    0.118928    0.116548  0.00517286
          19     0.12866    0.117186  0.00493438
          20     0.11222    0.116937  0.00468775
           1    0.108184    0.108184           0
           2    0.107156     0.10767    0.000514
           3     0.11512    0.110153    0.002501
           4    0.102208    0.108167  0.00265952
           5    0.107924    0.108118  0.00206063
           6    0.126848     0.11124  0.00354615
           7    0.107888    0.110761  0.00303506
           8    0.124668    0.112499  0.00315128
           9    0.114048    0.112672  0.00278449
          10     0.13584    0.114988  0.00340154
          11     0.07384    0.111248  0.00484356
          12    0.094024    0.109812  0.00464867
          13      0.1561    0.113373  0.00556447
          14    0.105592    0.112817  0.00518159
          15    0.089336    0.111252  0.00507144
          16     0.12848    0.112328  0.00486457
          17    0.071904    0.109951  0.00515116
          18     0.14976    0.112162  0.00533643
          19    0.098428    0.111439  0.00509926
          20     0.11456    0.111595  0.00484009
           1    0.081696    0.081696           0
           2    0.113032    0.097364    0.015668
           3    0.102548    0.099092  0.00920949
           4     0.08288    0.095039  0.00767034
           5    0.116344      0.0993   0.0073114
           6    0.099604   0.0993507  0.00596995
           7    0.124268     0.10291  0.00617481
           8    0.104656    0.103128  0.00535199
           9     0.09118    0.101801  0.00490317
          10    0.125028    0.104124  0.00496264
          11    0.077428    0.101697  0.00510292
          12    0.091452    0.100843  0.00473589
          13    0.119984    0.102315  0.00459848
          14    0.109564    0.102833  0.00428873
          15    0.089312    0.101932  0.00409308
          16    0.115684    0.102791  0.00392402
          17    0.073932    0.101094  0.00405811
          18    0.098356    0.100942  0.00382905
          19    0.086208    0.100166    0.003704
          20     0.10304     0.10031  0.00351686
           1    0.071728    0.071728           0
           2    0.081728    0.076728       0.005
           3    0.099792    0.084416  0.00821211
           4    0.099424    0.088168  0.00691353
           5    0.070476   0.0846296   0.0064186
           6    0.090396   0.0855907  0.00532816
           7    0.103092   0.0880909  0.00515063
           8    0.090252    0.088361  0.00446875
           9    0.083828   0.0878573  0.00397312
          10     0.10226   0.0892976  0.00383444
          11    0.104204   0.0906527  0.00372371
          12    0.082196    0.089948  0.00347155
          13    0.105544   0.0911477  0.00341128
          14      0.1045   0.0921014   0.0032991
          15    0.078096   0.0911677  0.00321008
          16    0.115744   0.0927038  0.00337282
          17    0.090628   0.0925816  0.00317056
          18    0.085928    0.092212    0.003012
          19    0.093988   0.0923055   0.0028506
          20    0.078876    0.091634  0.00278643
           1    0.059904    0.059904           0
           2     0.07172    0.065812    0.005908
           3    0.093776   0.0751333  0.00992583
           4    0.090052    0.078863  0.00794805
           5    0.058832   0.0748568  0.00734524
           6    0.095196   0.0782467  0.00688909
           7    0.088792   0.0797531  0.00601408
           8      0.0792    0.079684   0.0052088
           9    0.101848   0.0821467  0.00521221
          10     0.08308     0.08224  0.00466287
          11     0.10458   0.0842709  0.00468122
          12     0.10964    0.086385  0.00476769
          13    0.100548   0.0874745  0.00451893
          14     0.09226   0.0878163  0.00419766
          15    0.060544   0.0859981  0.00431006
          16     0.10524   0.0872008  0.00420724
          17    0.078096   0.0866652  0.00398814
          18    0.079084    0.086244  0.00378357
          19    0.066928   0.0852274  0.00372049
          20    0.095428   0.0857374  0.00356623
           1    0.080912    0.080912           0
           2    0.066796    0.073854    0.007058
           3    0.096384    0.081364  0.00854431
           4    0.105044    0.087284  0.00845866
           5    0.056216   0.0810704  0.00902985
           6       0.073   0.0797253  0.00749453
           7    0.079716    0.079724  0.00633404
           8    0.104204    0.082784  0.00628121
           9     0.09356   0.0839813  0.00566743
          10    0.081648    0.083748  0.00507447
          11     0.07902   0.0833182  0.00461011
          12    0.098064    0.084547  0.00438417
          13    0.100768   0.0857948  0.00422147
          14    0.077808   0.0852243  0.00394974
          15    0.074056   0.0844797  0.00375163
          16    0.070628    0.083614  0.00361454
          17     0.07484   0.0830979  0.00343427
          18    0.067448   0.0822284  0.00335256
          19    0.074952   0.0818455  0.00319425
          20    0.067056    0.081106  0.00311925
           1      0.1028      0.1028           0
           2    0.068348    0.085574    0.017226
           3    0.083068   0.0847387  0.00998045
           4    0.066584      0.0802  0.00839072
           5    0.045816   0.0733232  0.00946218
           6    0.090968    0.076264  0.00826661
           7    0.065368   0.0747074  0.00715786
           8      0.0806    0.075444   0.0062425
           9    0.077964    0.075724  0.00551248
          10    0.066828   0.0748344  0.00501013
          11    0.066696   0.0740945  0.00459182
          12    0.089944   0.0754153  0.00439491
          13    0.099344    0.077256  0.00444204
          14    0.075808   0.0771526  0.00411383
          15    0.057364   0.0758333  0.00405061
          16    0.078172   0.0759795  0.00379182
          17     0.05988   0.0750325  0.00368555
          18    0.090268   0.0758789  0.00357637
          19    0.072148   0.0756825   0.0033886
          20    0.076408   0.0757188  0.00321492
           1     0.08706     0.08706           0
           2    0.075736    0.081398    0.005662
           3    0.076948   0.0799147  0.00358976
           4    0.068084    0.076957  0.00389756
           5    0.046184   0.0708024  0.00685519
           6    0.075252    0.071544  0.00564616
           7    0.059412   0.0698109  0.00507687
           8     0.08154    0.071277  0.00463471
           9    0.077052   0.0719187  0.00413749
          10    0.074988   0.0722256  0.00371339
          11    0.060808   0.0711876   0.0035156
          12    0.085048   0.0723427  0.00341081
          13    0.082256   0.0731052  0.00322883
          14    0.067556   0.0727089  0.00301548
          15    0.048376   0.0710867  0.00324226
          16     0.06728   0.0708488  0.00304217
          17    0.070284   0.0708155  0.00285781
          18    0.077984   0.0712138  0.00272365
          19    0.074064   0.0713638  0.00258068
          20    0.087908    0.072191  0.00258422
           1    0.052096    0.052096           0
           2    0.079508    0.065802    0.013706
           3      0.0678    0.066468  0.00794114
           4    0.067652    0.066764  0.00562303
           5    0.058428   0.0650968  0.00466376
           6     0.06366   0.0648573  0.00381546
           7    0.064912   0.0648651  0.00322467
           8    0.066728    0.065098  0.00280233
           9    0.085376   0.0673511  0.00334432
          10     0.07356    0.067972  0.00305501
          11    0.088204   0.0698113   0.0033195
          12    0.075904    0.070319  0.00307251
          13    0.074744   0.0706594  0.00284673
          14    0.068024   0.0704711  0.00264227
          15     0.04258   0.0686117  0.00308352
          16     0.08034   0.0693447  0.00297606
          17    0.070184   0.0693941  0.00279595
          18    0.065816   0.0691953  0.00264354
          19    0.072472   0.0693678  0.00250647
          20    0.067348   0.0692668  0.00237999
           1      0.0656      0.0656           0
           2    0.074888    0.070244    0.004644
           3    0.079796    0.073428  0.00416254
           4    0.062056    0.070585  0.00409219
           5    0.067252   0.0699184  0.00323913
           6    0.060244    0.068306   0.0030975
           7    0.072488   0.0689034  0.00268517
           8    0.071664   0.0692485  0.00235089
           9    0.076468   0.0700507  0.00222306
          10    0.059524    0.068998  0.00224982
          11    0.072524   0.0693185  0.00206013
          12    0.069196   0.0693083  0.00188066
          13    0.059128   0.0685252  0.00189895
          14    0.067456   0.0684489  0.00175974
          15    0.039136   0.0664947  0.00255003
          16    0.071304   0.0667953   0.0024042
          17     0.07814   0.0674626  0.00235489
          18     0.07456   0.0678569  0.00225495
          19    0.050988   0.0669691  0.00231037
          20    0.060288    0.066635  0.00221712
           1    0.070632    0.070632           0
           2    0.061088     0.06586    0.004772
           3    0.048192   0.0599707  0.00650192
           4    0.058388    0.059575  0.00461454
           5    0.052768   0.0582136  0.00382489
           6     0.05672   0.0579647  0.00313292
           7     0.05678   0.0577954   0.0026532
           8    0.064704    0.058659  0.00245466
           9     0.07698   0.0606947  0.00297159
          10    0.063352   0.0609604  0.00267112
          11    0.066976   0.0615073  0.00247724
          12    0.064716   0.0617747  0.00227715
          13    0.068304   0.0622769  0.00215405
          14    0.052812   0.0616009  0.00210574
          15     0.06398   0.0617595  0.00196674
          16    0.062512   0.0618065  0.00184032
          17    0.066012   0.0620539  0.00174629
          18    0.064832   0.0622082  0.00165364
          19      0.0485   0.0614867  0.00172256
          20    0.060372    0.061431  0.00163511
           1    0.057088    0.057088           0
           2    0.062856    0.059972    0.002884
           3    0.053116   0.0576867  0.00282758
           4    0.051068    0.056032  0.00259529
           5      0.0443   0.0536856  0.00308981
           6     0.05238    0.053468  0.00253218
           7    0.060844   0.0545217  0.00238543
           8     0.07248   0.0567665   0.0030507
           9    0.074272   0.0587116  0.00331992
          10    0.054588   0.0582992  0.00299792
          11    0.052692   0.0577895  0.00275921
          12    0.070064   0.0588123  0.00271858
          13     0.05452   0.0584822  0.00252243
          14    0.044464   0.0574809  0.00254093
          15    0.050024   0.0569837  0.00241715
          16    0.071552   0.0578942  0.00243748
          17     0.05868   0.0579405  0.00229008
          18    0.063392   0.0582433  0.00218025
          19    0.053032   0.0579691  0.00208047
          20    0.065312   0.0583362  0.00200756
           1    0.047676    0.047676           0
           2      0.0575    0.052588    0.004912
           3    0.047916   0.0510307  0.00323541
           4    0.051452    0.051136   0.0022902
           5    0.047304   0.0503696  0.00193246
           6    0.052664    0.050752  0.00162352
           7    0.046804    0.050188  0.00148352
           8    0.059732    0.051381  0.00175324
           9    0.066108   0.0530173   0.0022513
          10    0.069776   0.0546932  0.00261978
          11    0.052136   0.0544607  0.00238105
          12    0.068532   0.0556333  0.00246972
          13    0.050288   0.0552222  0.00230872
          14    0.042628   0.0543226  0.00231905
          15      0.0532   0.0542477  0.00216021
          16    0.053808   0.0542202  0.00202088
          17    0.046404   0.0537605  0.00195318
          18    0.064436   0.0543536  0.00193462
          19      0.0376   0.0534718  0.00203133
          20    0.050208   0.0533086  0.00193399
           1    0.050936    0.050936           0
           2    0.057124     0.05403    0.003094
           3    0.029332   0.0457973  0.00842424
           4    0.053052    0.047611  0.00622682
           5    0.047516    0.047592  0.00482331
           6    0.041012   0.0464953  0.00408806
           7    0.052136   0.0473011  0.00354776
           8    0.057292     0.04855  0.00331657
           9    0.061828   0.0500253  0.00327595
          10     0.06782   0.0518048  0.00342812
          11    0.048752   0.0515273  0.00311324
          12    0.064708   0.0526257  0.00304686
          13     0.05376   0.0527129  0.00280406
          14    0.056848   0.0530083  0.00261281
          15     0.04074   0.0521904  0.00256622
          16    0.054524   0.0523363   0.0024049
          17    0.040608   0.0516464  0.00236201
          18    0.079452   0.0531911  0.00271025
          19    0.053264   0.0531949  0.00256365
          20    0.047584   0.0529144  0.00244822
           1    0.044148    0.044148           0
           2    0.049932     0.04704    0.002892
           3    0.041312   0.0451307  0.00253642
           4    0.047248     0.04566     0.00187
           5    0.047536   0.0460352   0.0014963
           6    0.048932    0.046518  0.00131366
           7    0.057852   0.0481371  0.00196323
           8    0.057488    0.049306  0.00206323
           9    0.066312   0.0511956  0.00262324
          10    0.057896   0.0518656  0.00244009
          11     0.04134   0.0509087  0.00240564
          12    0.065072    0.052089  0.00249312
          13      0.0457   0.0515975   0.0023454
          14      0.0528   0.0516834  0.00217312
          15     0.05254   0.0517405  0.00202387
          16    0.052136   0.0517652  0.00189332
          17    0.036004   0.0508381  0.00200562
          18    0.058844   0.0512829  0.00194252
          19    0.049608   0.0511947  0.00183955
          20    0.053528   0.0513114  0.00174905
           1    0.043992    0.043992           0
           2    0.042672    0.043332     0.00066
           3     0.04798   0.0448813   0.0015955
           4      0.0456    0.045061  0.00114241
           5    0.035024   0.0430536  0.00219379
           6    0.048036    0.043884  0.00197435
           7     0.05522   0.0455034  0.00232527
           8    0.044104   0.0453285  0.00202132
           9    0.047828   0.0456062  0.00180414
          10    0.045892   0.0456348  0.00161393
          11     0.03306   0.0444916  0.00185418
          12    0.046644    0.044671  0.00170211
          13    0.050216   0.0450975  0.00162277
          14    0.045964   0.0451594  0.00150367
          15    0.044028    0.045084  0.00140187
          16    0.055096   0.0457098  0.00145298
          17     0.05276   0.0461245  0.00142645
          18    0.054652   0.0465982  0.00142588
          19    0.055604   0.0470722  0.00142961
          20      0.0474   0.0470886  0.00135634
           1    0.056692    0.056692           0
           2    0.035212    0.045952     0.01074
           3    0.034072    0.041992  0.00735736
           4    0.052764    0.044685  0.00585813
           5    0.042012   0.0441504  0.00456907
           6     0.03912    0.043312  0.00382368
           7    0.049828   0.0442429  0.00336299
           8    0.059116    0.046102  0.00345524
           9     0.04734   0.0462396  0.00305034
          10    0.044936   0.0461092  0.00273142
          11    0.032688   0.0448891  0.00275551
          12    0.048048   0.0451523  0.00252916
          13    0.034644    0.044344  0.00246292
          14    0.044844   0.0443797   0.0022805
          15     0.05424   0.0450371  0.00222247
          16      0.0509   0.0454035  0.00211097
          17     0.04864   0.0455939  0.00199203
          18    0.050976   0.0458929  0.00190176
          19    0.043264   0.0457545   0.0018042
          20    0.039204    0.045427  0.00174267
           1    0.053924    0.053924           0
           2    0.044084    0.049004     0.00492
           3    0.040404   0.0461373  0.00403566
           4    0.034032    0.043111  0.00415957
           5     0.04526   0.0435408  0.00325053
           6     0.04954   0.0445407  0.00283614
           7     0.04924    0.045212  0.00248921
           8    0.061416   0.0472375    0.002958
           9     0.04116   0.0465622   0.0026947
          10    0.056164   0.0475224  0.00259443
          11    0.039828   0.0468229  0.00244878
          12     0.04624   0.0467743  0.00223595
          13     0.03746   0.0460578  0.00217799
          14    0.048468     0.04623  0.00202377
          15    0.044852   0.0461381  0.00188626
          16    0.038932   0.0456877  0.00182101
          17     0.04034   0.0453732  0.00173923
          18    0.047528   0.0454929  0.00164412
          19    0.037696   0.0450825  0.00160841
          20     0.03986   0.0448214  0.00154806
           1    0.043864    0.043864           0
           2    0.046304    0.045084     0.00122
           3    0.038736    0.042968  0.00223015
           4     0.04004    0.042236  0.00173857
           5    0.050536    0.043896  0.00213756
           6    0.043924   0.0439007  0.00174532
           7    0.043336     0.04382  0.00147727
           8    0.056712   0.0454315  0.00205759
           9    0.056904   0.0467062  0.00221761
          10    0.047076   0.0467432  0.00198383
          11     0.03108   0.0453193  0.00229076
          12    0.045136    0.045304  0.00209123
          13    0.039988   0.0448951  0.00196663
          14     0.04904   0.0451911  0.00184466
          15    0.047792   0.0453645  0.00172602
          16    0.030888   0.0444597  0.00185078
          17    0.030176   0.0436195   0.0019309
          18     0.03844   0.0433318  0.00184307
          19     0.04638   0.0434922  0.00175073
          20    0.042176   0.0434264   0.0016622
           1    0.046268    0.046268           0
           2    0.043596    0.044932    0.001336
           3    0.032104    0.040656  0.00434501
           4     0.04192    0.040972   0.0030886
           5    0.051272    0.043032   0.0031571
           6    0.045496   0.0434427  0.00261027
           7    0.049936   0.0443703  0.00239317
           8    0.046456    0.044631  0.00208888
           9    0.046808   0.0448729  0.00185803
          10     0.04218   0.0446036  0.00168355
          11     0.03762   0.0439687  0.00164987
          12    0.041068    0.043727  0.00152539
          13    0.031576   0.0427923  0.00168597
          14    0.043364   0.0428331  0.00156144
          15    0.048792   0.0432304  0.00150693
          16    0.038696    0.042947  0.00143781
          17    0.034828   0.0424694  0.00143254
          18    0.035864   0.0421024  0.00139958
          19     0.03502   0.0417297  0.00137535
          20    0.041444   0.0417154  0.00130485
           1    0.047608    0.047608           0
           2     0.04004    0.043824    0.003784
           3    0.028948   0.0388653   0.0054186
           4     0.03976    0.039089  0.00383805
           5      0.0401   0.0392912  0.00297981
           6    0.046628    0.040514  0.00272301
           7    0.043808   0.0409846  0.00234898
           8     0.04748   0.0417965  0.00219032
           9    0.043356   0.0419698  0.00193944
          10    0.046524   0.0424252  0.00179347
          11    0.041216   0.0423153  0.00162598
          12    0.030992   0.0413717  0.00175885
          13    0.044924   0.0416449  0.00164082
          14    0.041728   0.0416509  0.00151912
          15    0.045272   0.0418923  0.00143468
          16    0.043236   0.0419762  0.00134464
          17    0.028236    0.041168  0.00149954
          18    0.040248   0.0411169   0.0014147
          19    0.033224   0.0407015  0.00140117
          20    0.022516   0.0397922  0.00161051
           1    0.034552    0.034552           0
           2    0.044704    0.039628    0.005076
           3    0.038124   0.0391267   0.0029732
           4    0.033188    0.037642  0.00257375
           5     0.04742   0.0395976  0.00279265
           6    0.038616    0.039434  0.00228605
           7    0.034792   0.0387709   0.0020427
           8     0.05218    0.040447  0.00243699
           9    0.037472   0.0401164   0.0021745
          10    0.040452     0.04015  0.00194522
          11    0.046984   0.0407713  0.00186598
          12    0.037344   0.0404857  0.00172718
          13    0.040032   0.0404508  0.00158915
          14     0.03736     0.04023  0.00148774
          15    0.041276   0.0402997  0.00138677
          16    0.045508   0.0406253  0.00133742
          17    0.033776   0.0402224  0.00131931
          18    0.046364   0.0405636  0.00128981
          19    0.028816   0.0399453  0.00136776
          20    0.032948   0.0395954  0.00134391
           1    0.041232    0.041232           0
           2     0.04158    0.041406    0.000174
           3    0.038156   0.0403227  0.00108798
           4    0.028016    0.037246  0.00317139
           5     0.03934   0.0376648  0.00249199
           6    0.046916   0.0392067  0.00255291
           7    0.035748   0.0387126  0.00221346
           8    0.042156    0.039143  0.00196464
           9    0.033636   0.0385311  0.00183752
          10    0.040864   0.0387644     0.00166
          11      0.0567   0.0403949  0.00221656
          12     0.03562    0.039997  0.00206219
          13    0.037576   0.0398108  0.00190606
          14     0.04174   0.0399486  0.00177004
          15    0.031844   0.0394083  0.00173414
          16     0.04124   0.0395227  0.00162617
          17    0.029848   0.0389536  0.00163009
          18    0.033196   0.0386338   0.0015698
          19    0.018476   0.0375728  0.00182495
          20     0.03312   0.0373502  0.00174556
           1      0.0418      0.0418           0
           2    0.040876    0.041338    0.000462
           3    0.027596   0.0367573  0.00458843
           4     0.03748    0.036938  0.00324953
           5    0.032732   0.0360968  0.00265392
           6    0.034872   0.0358927  0.00217651
           7    0.032688   0.0354349   0.0018956
           8    0.037564    0.035701  0.00166307
           9    0.036772     0.03582  0.00147151
          10      0.0386    0.036098   0.0013452
          11    0.042232   0.0366556  0.00133847
          12    0.036012    0.036602  0.00122303
          13    0.029588   0.0360625  0.00124771
          14     0.04844   0.0369466  0.00145466
          15    0.033208   0.0366973  0.00137696
          16    0.040804    0.036954  0.00131335
          17    0.032436   0.0366882  0.00126198
          18    0.034036   0.0365409   0.0011989
          19    0.030232   0.0362088  0.00118165
          20    0.033316   0.0360642  0.00113031
           1    0.037732    0.037732           0
           2    0.049636    0.043684    0.005952
           3    0.030324   0.0392307  0.00562503
           4    0.027356    0.036262  0.00496321
           5     0.03454   0.0359176  0.00385988
           6    0.044548    0.037356  0.00346431
           7    0.028276   0.0360589  0.00320235
           8    0.033764    0.035772  0.00278811
           9     0.03006   0.0351373  0.00253947
          10    0.044916   0.0361152  0.00247292
          11    0.046472   0.0370567  0.00242692
          12    0.029944    0.036464  0.00229338
          13     0.03772   0.0365606  0.00211182
          14    0.048752   0.0374314  0.00214032
          15    0.036652   0.0373795  0.00199321
          16    0.043888   0.0377863  0.00190834
          17    0.027924   0.0372061  0.00188411
          18      0.0309   0.0368558  0.00181057
          19    0.032392   0.0366208  0.00172867
          20    0.023548   0.0359672  0.00176542
           1     0.03264     0.03264           0
           2    0.042104    0.037372    0.004732
           3     0.02802   0.0342547  0.00414508
           4      0.0411    0.035966  0.00339404
           5    0.037844   0.0363416  0.00265571
           6    0.042204   0.0373187  0.00237834
           7    0.027284   0.0358851  0.00246888
           8    0.029976   0.0351465   0.0022621
           9    0.030176   0.0345942  0.00207002
          10    0.035072    0.034642   0.0018521
          11      0.0407   0.0351927  0.00176349
          12    0.034204   0.0351103  0.00161194
          13    0.037216   0.0352723  0.00149159
          14    0.040368   0.0356363  0.00142811
          15    0.026772   0.0350453  0.00145492
          16    0.034756   0.0350273  0.00136107
          17    0.028708   0.0346555  0.00133145
          18    0.031688   0.0344907  0.00126608
          19    0.035856   0.0345625  0.00119974
          20    0.029288   0.0342988  0.00116833
           1    0.027292    0.027292           0
           2    0.023048     0.02517    0.002122
           3    0.023436    0.024592  0.00135464
           4    0.033992    0.026942  0.00253772
           5    0.031452    0.027844  0.00216278
           6    0.036932   0.0293587  0.00232651
           7    0.040348   0.0309286   0.0025161
           8    0.034184   0.0313355  0.00221668
           9    0.026456   0.0307933  0.00202871
          10     0.03408    0.031122  0.00184406
          11    0.036476   0.0316087  0.00173758
          12    0.028296   0.0313327  0.00161003
          13     0.02438   0.0307978  0.00157462
          14     0.03882   0.0313709  0.00156639
          15    0.028212   0.0311603  0.00147335
          16    0.023428    0.030677  0.00146047
          17    0.033228   0.0308271  0.00138006
          18    0.035016   0.0310598  0.00132178
          19    0.027448   0.0308697  0.00126464
          20    0.021208   0.0303866  0.00129335
           1     0.03242     0.03242           0
           2     0.02272     0.02757     0.00485
           3       0.027     0.02738  0.00280659
           4     0.03828    0.030105  0.00337107
           5     0.02566    0.029216   0.0027584
           6    0.036528   0.0304347  0.00256079
           7    0.038732     0.03162   0.0024676
           8    0.021408   0.0303435  0.00248923
           9    0.040448   0.0314662  0.00246573
          10    0.043348   0.0326544  0.00250512
          11    0.035412   0.0329051  0.00227979
          12    0.030272   0.0326857  0.00209269
          13    0.030624   0.0325271  0.00193152
          14    0.034092   0.0326389  0.00179173
          15    0.017576   0.0316347  0.00194696
          16    0.037796   0.0320197  0.00186148
          17     0.02526   0.0316221   0.0017932
          18    0.031472   0.0316138  0.00169066
          19    0.023924   0.0312091  0.00164963
          20     0.01668   0.0304826  0.00172536
           1     0.03482     0.03482           0
           2    0.024216    0.029518    0.005302
           3    0.034844   0.0312933  0.00353867
           4    0.031224    0.031276  0.00250228
           5      0.0268   0.0303808    0.002135
           6    0.025184   0.0295147  0.00194654
           7    0.031368   0.0297794  0.00166629
           8    0.023296    0.028969  0.00165505
           9    0.037764   0.0299462  0.00175654
          10    0.031328   0.0300844  0.00157717
          11    0.036992   0.0307124  0.00155869
          12     0.03206   0.0308247  0.00142731
          13     0.03862   0.0314243  0.00144339
          14    0.024752   0.0309477  0.00141876
          15    0.024216   0.0304989  0.00139496
          16      0.0404   0.0311177  0.00144416
          17    0.031292    0.031128  0.00135659
          18    0.029836   0.0310562  0.00128102
          19      0.0153   0.0302269  0.00146832
          20      0.0155   0.0294906  0.00157562
           1    0.030192    0.030192           0
           2    0.036596    0.033394    0.003202
           3     0.02844   0.0317427  0.00247881
           4    0.031996    0.031806  0.00175393
           5    0.030952   0.0316352  0.00136928
           6     0.02054    0.029786   0.0021609
           7    0.030504   0.0298886  0.00182917
           8    0.027072   0.0295365  0.00162276
           9    0.031564   0.0297618  0.00144876
          10    0.030416   0.0298272  0.00129746
          11    0.031132   0.0299458  0.00117958
          12    0.029344   0.0298957  0.00107797
          13    0.028676   0.0298018 0.000996018
          14    0.031288    0.029908 0.000928224
          15    0.021476   0.0293459  0.00103088
          16    0.036384   0.0297857  0.00105989
          17    0.043916   0.0306169  0.00129695
          18    0.031992   0.0306933  0.00122516
          19    0.016764   0.0299602  0.00137131
          20    0.023916    0.029658  0.00133558
           1    0.037196    0.037196           0
           2    0.039468    0.038332    0.001136
           3    0.026324   0.0343293  0.00405605
           4    0.034504    0.034373  0.00286839
           5    0.023224   0.0321432  0.00314779
           6    0.014372   0.0291813  0.00392153
           7    0.024048    0.028448  0.00339446
           8    0.031888    0.028878  0.00297097
           9    0.038612   0.0299596   0.0028346
          10    0.029884    0.029952  0.00253535
          11     0.03658   0.0305545  0.00237115
          12    0.021808   0.0298257  0.00228398
          13    0.032408   0.0300243  0.00211032
          14    0.031816   0.0301523  0.00195797
          15      0.0152   0.0291555  0.00207753
          16    0.028132   0.0290915   0.0019444
          17    0.033988   0.0293795  0.00184902
          18    0.026404   0.0292142  0.00175109
          19    0.024748   0.0289792  0.00167296
          20    0.023208   0.0286906  0.00161313
           1    0.715372    0.715372           0
           2    0.914608     0.81499    0.099618
           3    0.923172    0.851051   0.0678844
           4    0.906636    0.864947   0.0499725
           5    0.874152    0.866788   0.0387523
           6    0.741128    0.845845   0.0379445
           7    0.804976    0.840006   0.0325961
           8     0.93736    0.852175   0.0307403
           9     0.77536     0.84364   0.0284222
          10      0.8916    0.848436     0.02587
          11    0.945332    0.857245   0.0250034
          12    0.765628     0.84961   0.0240679
          13    0.807752     0.84639   0.0223722
          14     0.91318    0.851161   0.0212549
          15     0.83628    0.850169   0.0198121
          16     0.95662    0.856822   0.0196906
          17    0.957744    0.862759   0.0194254
          18    0.886464    0.864076   0.0183618
          19     0.92422    0.867241   0.0176546
          20    0.883072    0.868033   0.0167673
           1    0.483796    0.483796           0
           2     0.91678    0.700288    0.216492
           3    0.865324      0.7553    0.136562
           4    0.850564    0.779116   0.0994577
           5      0.8574    0.794773   0.0786144
           6     0.89824    0.812017   0.0664645
           7    0.866532    0.819805     0.05671
           8    0.877464    0.827013   0.0496384
           9     0.50386    0.791107   0.0566184
          10    0.610156    0.773012   0.0537768
          11    0.947016     0.78883   0.0511504
          12    0.910436    0.798964   0.0477808
          13    0.725668    0.793326   0.0443121
          14      0.8644    0.798403   0.0413379
          15     0.83134    0.800598   0.0385461
          16     0.90196    0.806934   0.0366089
          17    0.830156      0.8083   0.0344152
          18     0.73864     0.80443   0.0326769
          19    0.841232    0.806367   0.0309699
          20    0.881348    0.810116   0.0296189
           1     0.78504     0.78504           0
           2      0.8361     0.81057     0.02553
           3    0.798728    0.806623   0.0152592
           4      0.7694    0.797317   0.0142484
           5    0.797888    0.797431   0.0110373
           6    0.716228    0.783897   0.0162598
           7    0.816692    0.788582   0.0145187
           8    0.722684    0.780345   0.0150315
           9    0.724928    0.774188   0.0146168
          10    0.670628    0.763832   0.0166783
          11    0.892072     0.77549   0.0190658
          12    0.731212      0.7718   0.0177914
          13    0.698084     0.76613   0.0173203
          14    0.710588    0.762162   0.0165189
          15    0.790608    0.764059   0.0154948
          16     0.82522    0.767881   0.0149896
          17    0.775144    0.768308   0.0140868
          18    0.739752    0.766722   0.0133756
          19    0.744556    0.765555   0.0127057
          20    0.834852     0.76902   0.0125418
           1     0.70708     0.70708           0
           2     0.69386     0.70047     0.00661
           3    0.779584    0.726841    0.026646
           4    0.720476     0.72525   0.0189087
           5    0.685744    0.717349   0.0166419
           6      0.5703    0.692841   0.0280229
           7    0.612128     0.68131   0.0263413
           8     0.67046    0.679954   0.0228526
           9     0.73788     0.68639   0.0211568
          10    0.607612    0.678512   0.0204975
          11    0.838624    0.693068   0.0235717
          12    0.693248    0.693083   0.0215179
          13    0.639748     0.68898   0.0202143
          14    0.670104    0.687632   0.0187633
          15    0.667316    0.686278   0.0175201
          16    0.759144    0.690832   0.0170096
          17     0.70978    0.691946   0.0160165
          18      0.7702    0.696294   0.0157139
          19      0.7135    0.697199   0.0148914
          20    0.769716    0.700825   0.0145851
           1    0.562976    0.562976           0
           2    0.667444     0.61521    0.052234
           3    0.566116    0.598845   0.0343113
           4    0.582176    0.594678   0.0246171
           5    0.621236     0.59999   0.0197943
           6     0.51706    0.586168   0.0212661
           7    0.671696    0.598386   0.0217329
           8    0.594692    0.597925   0.0188269
           9     0.56534    0.594304   0.0169939
          10    0.548524    0.589726   0.0158743
          11    0.736984    0.603113   0.0196314
          12    0.631132    0.605448   0.0180724
          13    0.571956    0.602872   0.0168226
          14    0.508516    0.596132   0.0169704
          15    0.594904     0.59605   0.0157988
          16    0.695904    0.602291   0.0160421
          17    0.628384    0.603826   0.0151469
          18    0.787704    0.614041   0.0175583
          19     0.52284    0.609241   0.0172882
          20    0.692912    0.613425   0.0169262
           1      0.5031      0.5031           0
           2    0.567088    0.535094    0.031994
           3     0.65972    0.576636   0.0454636
           4    0.531472    0.565345   0.0340728
           5    0.556216    0.563519   0.0264558
           6    0.524152    0.556958   0.0225755
           7    0.413496    0.536463   0.0280012
           8    0.520908    0.534519   0.0243276
           9    0.490844    0.529666   0.0219969
          10     0.52876    0.529576   0.0196748
          11    0.631852    0.538873    0.020079
          12     0.49536    0.535247   0.0186848
          13     0.53446    0.535187   0.0171876
          14    0.540264    0.535549   0.0159168
          15    0.441084    0.529252   0.0161005
          16     0.56854    0.531707   0.0152595
          17    0.407432    0.524397   0.0160903
          18    0.589816    0.528031   0.0155994
          19     0.50842    0.526999   0.0147916
          20     0.52568    0.526933   0.0140327
           1    0.467756    0.467756           0
           2      0.5596    0.513678    0.045922
           3    0.503908    0.510421   0.0267123
           4     0.44042    0.492921   0.0257495
           5     0.50072    0.494481   0.0200064
           6    0.452688    0.487515   0.0177582
           7     0.51356    0.491236   0.0154627
           8    0.559244    0.499737   0.0158616
           9    0.459912    0.495312   0.0146718
          10    0.523904    0.498171   0.0134307
          11    0.563908    0.504147   0.0135388
          12    0.566888    0.509376   0.0134196
          13    0.502276     0.50883   0.0123563
          14    0.534992    0.510698   0.0115914
          15    0.486964    0.509116   0.0109064
          16     0.49928    0.508501   0.0102205
          17    0.398492     0.50203   0.0115778
          18    0.478844    0.500742   0.0109914
          19      0.3976    0.495313   0.0117287
          20    0.481604    0.494628   0.0111479
           1      0.4369      0.4369           0
           2    0.479964    0.458432    0.021532
           3    0.446224    0.454363   0.0130806
           4    0.421944    0.446258   0.0122978
           5     0.46344    0.449694   0.0101267
           6    0.470244    0.453119  0.00894971
           7    0.467088    0.455115  0.00782269
           8    0.420096    0.450738   0.0080658
           9    0.413836    0.446637  0.00821044
          10     0.51654    0.453628   0.0101387
          11    0.477208    0.455771  0.00941799
          12    0.515212    0.460725  0.00992228
          13    0.503504    0.464015  0.00970227
          14    0.371932    0.457438   0.0111332
          15    0.391716    0.453057   0.0112525
          16    0.413388    0.450577   0.0108138
          17    0.358648     0.44517   0.0115075
          18    0.419376    0.443737   0.0109436
          19    0.384808    0.440635   0.0108063
          20    0.501344    0.443671   0.0106917
           1    0.372012    0.372012           0
           2     0.39576    0.383886    0.011874
           3    0.334868    0.367547   0.0177192
           4    0.316772    0.354853   0.0178358
           5     0.38122    0.360126   0.0147878
           6    0.321692    0.353721   0.0136682
           7    0.386512    0.358405   0.0124654
           8     0.40478    0.364202   0.0122533
           9    0.399456    0.368119   0.0114944
          10    0.439052    0.375212   0.0124905
          11     0.37728      0.3754   0.0112996
          12    0.458548    0.382329   0.0124263
          13    0.375676    0.381818    0.011442
          14    0.363056    0.380477   0.0106776
          15    0.377404    0.380273  0.00994243
          16     0.36412    0.379263  0.00935493
          17    0.309112    0.375136  0.00970809
          18    0.393844    0.376176  0.00921169
          19    0.268392    0.370503   0.0103973
          20    0.426956    0.373326   0.0102597
           1    0.371276    0.371276           0
           2     0.33918    0.355228    0.016048
           3    0.357156    0.355871  0.00928758
           4     0.27556    0.335793   0.0211244
           5    0.340308    0.336696   0.0163878
           6    0.327692    0.335195   0.0134645
           7    0.347272    0.336921   0.0115096
           8    0.378164    0.342076   0.0112219
           9    0.344052    0.342296  0.00989925
          10    0.297892    0.337855  0.00990519
          11    0.305384    0.334903  0.00943335
          12    0.399212    0.340262   0.0101428
          13    0.368344    0.342422  0.00957681
          14    0.291292     0.33877  0.00958913
          15     0.26096    0.333583   0.0103247
          16    0.326808    0.333159  0.00966717
          17    0.301212     0.33128  0.00927315
          18    0.343756    0.331973  0.00877024
          19    0.310312    0.330833  0.00837378
          20    0.307568     0.32967  0.00802879
           1    0.278532    0.278532           0
           2    0.321872    0.300202     0.02167
           3    0.291628    0.297344   0.0128335
           4    0.249848     0.28547   0.0149446
           5     0.24988    0.278352   0.0135893
           6    0.331344    0.287184   0.0141816
           7     0.28766    0.287252   0.0119858
           8    0.337496    0.293532   0.0121322
           9    0.316812    0.296119   0.0110078
          10    0.334976    0.300005   0.0105847
          11    0.327408    0.302496  0.00989301
          12     0.27452    0.300165  0.00932711
          13     0.31182    0.301061  0.00862641
          14     0.18796    0.292983     0.01136
          15    0.180884    0.285509   0.0129496
          16     0.28022    0.285179   0.0121177
          17     0.32468    0.287502   0.0116174
          18    0.319908    0.289303   0.0110999
          19     0.25376    0.287432   0.0106648
          20     0.24588    0.285354   0.0103287
           1     0.22228     0.22228           0
           2    0.223736    0.223008    0.000728
           3    0.261652    0.235889   0.0128882
           4    0.276368    0.246009   0.0136184
           5    0.215976    0.240002    0.012139
           6    0.303412    0.250571   0.0144888
           7    0.249636    0.250437    0.012246
           8    0.304648    0.257213   0.0125854
           9    0.253416    0.256792   0.0111073
          10    0.230504    0.254163   0.0102766
          11    0.240744    0.252943  0.00937522
          12    0.270044    0.254368   0.0086762
          13    0.251964    0.254183  0.00798309
          14    0.183328    0.249122  0.00895767
          15     0.21128    0.246599  0.00871239
          16    0.287116    0.249131  0.00853406
          17    0.288652    0.251456  0.00834663
          18    0.252548    0.251517  0.00786951
          19    0.199768    0.248793  0.00792644
          20     0.21466    0.247087  0.00771092
           1    0.167056    0.167056           0
           2     0.22176    0.194408    0.027352
           3    0.206648    0.198488   0.0163102
           4    0.257408    0.213218   0.0187079
           5     0.22502    0.215578    0.014682
           6     0.23424    0.218689   0.0123847
           7      0.1886     0.21439   0.0113152
           8    0.231792    0.216566   0.0100378
           9    0.208636    0.215684  0.00889625
          10    0.244076    0.218524   0.0084484
          11    0.234656     0.21999  0.00778132
          12    0.261432    0.223444  0.00789835
          13    0.238388    0.224593  0.00735581
          14    0.210212    0.223566  0.00688719
          15    0.185416    0.221023  0.00689765
          16    0.247808    0.222697   0.0066658
          17    0.248568    0.224219  0.00644372
          18     0.28018    0.227328  0.00682449
          19    0.189892    0.225357  0.00674931
          20    0.238736    0.226026  0.00643781
           1    0.219204    0.219204           0
           2     0.19568    0.207442    0.011762
           3    0.191412    0.202099  0.00864095
           4      0.2136    0.204974  0.00675282
           5    0.209028    0.205785  0.00529318
           6    0.213044    0.206995  0.00448801
           7    0.193764    0.205105   0.0042379
           8    0.242008    0.209718  0.00589482
           9    0.241332     0.21323  0.00627425
          10    0.213092    0.213216  0.00561187
          11    0.164984    0.208832   0.0067077
          12    0.242008    0.211596  0.00671848
          13    0.263356    0.215578   0.0073516
          14    0.206048    0.214897  0.00684022
          15    0.151408    0.210665  0.00764625
          16    0.223684    0.211478  0.00719855
          17    0.243712    0.213374  0.00702267
          18      0.2087    0.213115  0.00662613
          19    0.149356    0.209759  0.00710949
          20     0.22498     0.21052  0.00678745
           1    0.186468    0.186468           0
           2    0.164752     0.17561    0.010858
           3     0.19964     0.18362   0.0101715
           4    0.214832    0.191423   0.0106121
           5    0.152356     0.18361    0.011341
           6    0.202512     0.18676  0.00978115
           7    0.168084    0.184092  0.00868646
           8     0.16056     0.18115  0.00807734
           9    0.172036    0.180138  0.00719517
          10    0.193468    0.181471  0.00657216
          11    0.150772     0.17868  0.00656723
          12    0.199388    0.180406  0.00623846
          13    0.180156    0.180386  0.00573858
          14     0.17934    0.180312  0.00531342
          15    0.126932    0.176753  0.00609361
          16    0.197308    0.178038  0.00584303
          17    0.209608    0.179895  0.00579423
          18    0.216148    0.181909   0.0058223
          19     0.16526    0.181033  0.00557662
          20    0.214196    0.182691  0.00554422
           1    0.150948    0.150948           0
           2    0.154012     0.15248    0.001532
           3    0.139904    0.148288   0.0042843
           4    0.215164    0.165007   0.0169912
           5    0.122072     0.15642   0.0157149
           6    0.144616    0.154453   0.0129811
           7    0.153792    0.154358   0.0109714
           8    0.178652    0.157395  0.00997502
           9    0.131948    0.154568  0.00924036
          10     0.18546    0.157657  0.00882331
          11    0.159176    0.157795  0.00798218
          12    0.173948    0.159141  0.00740999
          13    0.179332    0.160694  0.00699091
          14       0.175    0.161716  0.00655249
          15    0.111904    0.158395  0.00694537
          16      0.1855    0.160089  0.00671403
          17    0.185524    0.161585  0.00648177
          18    0.182804    0.162764  0.00622373
          19    0.175304    0.163424  0.00592394
          20    0.162476    0.163377  0.00562014
           1    0.155824    0.155824           0
           2    0.135868    0.145846    0.009978
           3    0.109596    0.133763   0.0133863
           4    0.133856    0.133786  0.00946559
           5    0.127916    0.132612  0.00742541
           6      0.1623     0.13756  0.00782563
           7     0.13486    0.137174   0.0066251
           8     0.19052    0.143842  0.00879682
           9    0.133496    0.142693  0.00784278
          10    0.149924    0.143416  0.00705197
          11    0.136548    0.142792  0.00640923
          12    0.154328    0.143753  0.00592926
          13    0.180384    0.146571    0.006139
          14    0.144088    0.146393  0.00568637
          15    0.119536    0.144603  0.00558833
          16     0.16346    0.145782  0.00535861
          17      0.1581    0.146506  0.00508543
          18    0.138804    0.146078  0.00481365
          19    0.134224    0.145454   0.0045958
          20    0.128864    0.144625  0.00443817
           1     0.11954     0.11954           0
           2    0.111844    0.115692    0.003848
           3     0.11908    0.116821  0.00249221
           4    0.132612    0.120769  0.00432315
           5    0.113984    0.119412   0.0036132
           6    0.146836    0.123983  0.00544008
           7     0.13298    0.125268  0.00477399
           8    0.156024    0.129112  0.00564566
           9    0.122776    0.128408  0.00502853
          10     0.14578    0.130146  0.00482147
          11    0.148972    0.131857  0.00468499
          12     0.17028    0.135059  0.00534258
          13    0.160256    0.136997  0.00528287
          14     0.15028    0.137946  0.00498216
          15    0.101216    0.135497  0.00524483
          16      0.1496    0.136379  0.00498464
          17    0.145932    0.136941  0.00471585
          18    0.144804    0.137378  0.00446756
          19      0.1249    0.136721  0.00427661
          20    0.143308     0.13705   0.0040705
           1    0.109628    0.109628           0
           2    0.114924    0.112276    0.002648
           3    0.102864    0.109139  0.00349001
           4    0.139104     0.11663  0.00788734
           5     0.09992    0.113288  0.00696384
           6    0.116388    0.113805  0.00570938
           7     0.09588    0.111244  0.00546265
           8    0.109508    0.111027  0.00473577
           9    0.118296    0.111835  0.00425393
          10    0.142016    0.114853  0.00485653
          11    0.140224    0.117159  0.00496159
          12    0.138124    0.118906  0.00485455
          13     0.16444    0.122409  0.00567531
          14     0.12828    0.122828  0.00527103
          15    0.101052    0.121377  0.00511731
          16     0.12288     0.12147  0.00478772
          17    0.099208    0.120161  0.00468407
          18    0.139836    0.121254  0.00454944
          19    0.146656    0.122591  0.00450624
          20     0.12382    0.122652  0.00427544
           1    0.115704    0.115704           0
           2    0.104088    0.109896    0.005808
           3      0.1092    0.109664  0.00336127
           4    0.141784    0.117694  0.00837436
           5    0.127388    0.119633   0.0067703
           6     0.12034    0.119751  0.00552918
           7    0.131584    0.121441  0.00496938
           8     0.07846    0.116068  0.00688377
           9    0.133636     0.11802    0.006377
          10      0.1266    0.118878  0.00576793
          11    0.093184    0.116543  0.00571632
          12    0.126136    0.117342  0.00527915
          13    0.165148    0.121019  0.00609138
          14    0.117788    0.120789  0.00564425
          15    0.077324    0.117891  0.00600051
          16    0.118336    0.117919  0.00561303
          17     0.09224    0.116408  0.00548463
          18    0.118928    0.116548  0.00517286
          19     0.12866    0.117186  0.00493438
          20     0.11222    0.116937  0.00468775
           1    0.108184    0.108184           0
           2    0.107156     0.10767    0.000514
           3     0.11512    0.110153    0.002501
           4    0.102208    0.108167  0.00265952
           5    0.107924    0.108118  0.00206063
           6    0.126848     0.11124  0.00354615
           7    0.107888    0.110761  0.00303506
           8    0.124668    0.112499  0.00315128
           9    0.114048    0.112672  0.00278449
          10     0.13584    0.114988  0.00340154
          11     0.07384    0.111248  0.00484356
          12    0.094024    0.109812  0.00464867
          13      0.1561    0.113373  0.00556447
          14    0.105592    0.112817  0.00518159
          15    0.089336    0.111252  0.00507144
          16     0.12848    0.112328  0.00486457
          17    0.071904    0.109951  0.00515116
          18     0.14976    0.112162  0.00533643
          19    0.098428    0.111439  0.00509926
          20     0.11456    0.111595  0.00484009
           1    0.081696    0.081696           0
           2    0.113032    0.097364    0.015668
           3    0.102548    0.099092  0.00920949
           4     0.08288    0.095039  0.00767034
           5    0.116344      0.0993   0.0073114
           6    0.099604   0.0993507  0.00596995
           7    0.124268     0.10291  0.00617481
           8    0.104656    0.103128  0.00535199
           9     0.09118    0.101801  0.00490317
          10    0.125028    0.104124  0.00496264
          11    0.077428    0.101697  0.00510292
          12    0.091452    0.100843  0.00473589
          13    0.119984    0.102315  0.00459848
          14    0.109564    0.102833  0.00428873
          15    0.089312    0.101932  0.00409308
          16    0.115684    0.102791  0.00392402
          17    0.073932    0.101094  0.00405811
          18    0.098356    0.100942  0.00382905
          19    0.086208    0.100166    0.003704
          20     0.10304     0.10031  0.00351686
           1    0.071728    0.071728           0
           2    0.081728    0.076728       0.005
           3    0.099792    0.084416  0.00821211
           4    0.099424    0.088168  0.00691353
           5    0.070476   0.0846296   0.0064186
           6    0.090396   0.0855907  0.00532816
           7    0.103092   0.0880909  0.00515063
           8    0.090252    0.088361  0.00446875
           9    0.083828   0.0878573  0.00397312
          10     0.10226   0.0892976  0.00383444
          11    0.104204   0.0906527  0.00372371
          12    0.082196    0.089948  0.00347155
          13    0.105544   0.0911477  0.00341128
          14      0.1045   0.0921014   0.0032991
          15    0.078096   0.0911677  0.00321008
          16    0.115744   0.0927038  0.00337282
          17    0.090628   0.0925816  0.00317056
          18    0.085928    0.092212    0.003012
          19    0.093988   0.0923055   0.0028506
          20    0.078876    0.091634  0.00278643
           1    0.059904    0.059904           0
           2     0.07172    0.065812    0.005908
           3    0.093776   0.0751333  0.00992583
           4    0.090052    0.078863  0.00794805
           5    0.058832   0.0748568  0.00734524
           6    0.095196   0.0782467  0.00688909
           7    0.088792   0.0797531  0.00601408
           8      0.0792    0.079684   0.0052088
           9    0.101848   0.0821467  0.00521221
          10     0.08308     0.08224  0.00466287
          11     0.10458   0.0842709  0.00468122
          12     0.10964    0.086385  0.00476769
          13    0.100548   0.0874745  0.00451893
          14     0.09226   0.0878163  0.00419766
          15    0.060544   0.0859981  0.00431006
          16     0.10524   0.0872008  0.00420724
          17    0.078096   0.0866652  0.00398814
          18    0.079084    0.086244  0.00378357
          19    0.066928   0.0852274  0.00372049
          20    0.095428   0.0857374  0.00356623
           1    0.080912    0.080912           0
           2    0.066796    0.073854    0.007058
           3    0.096384    0.081364  0.00854431
           4    0.105044    0.087284  0.00845866
           5    0.056216   0.0810704  0.00902985
           6       0.073   0.0797253  0.00749453
           7    0.079716    0.079724  0.00633404
           8    0.104204    0.082784  0.00628121
           9     0.09356   0.0839813  0.00566743
          10    0.081648    0.083748  0.00507447
          11     0.07902   0.0833182  0.00461011
          12    0.098064    0.084547  0.00438417
          13    0.100768   0.0857948  0.00422147
          14    0.077808   0.0852243  0.00394974
          15    0.074056   0.0844797  0.00375163
          16    0.070628    0.083614  0.00361454
          17     0.07484   0.0830979  0.00343427
          18    0.067448   0.0822284  0.00335256
          19    0.074952   0.0818455  0.00319425
          20    0.067056    0.081106  0.00311925
           1      0.1028      0.1028           0
           2    0.068348    0.085574    0.017226
           3    0.083068   0.0847387  0.00998045
           4    0.066584      0.0802  0.00839072
           5    0.045816   0.0733232  0.00946218
           6    0.090968    0.076264  0.00826661
           7    0.065368   0.0747074  0.00715786
           8      0.0806    0.075444   0.0062425
           9    0.077964    0.075724  0.00551248
          10    0.066828   0.0748344  0.00501013
          11    0.066696   0.0740945  0.00459182
          12    0.089944   0.0754153  0.00439491
          13    0.099344    0.077256  0.00444204
          14    0.075808   0.0771526  0.00411383
          15    0.057364   0.0758333  0.00405061
          16    0.078172   0.0759795  0.00379182
          17     0.05988   0.0750325  0.00368555
          18    0.090268   0.0758789  0.00357637
          19    0.072148   0.0756825   0.0033886
          20    0.076408   0.0757188  0.00321492
           1     0.08706     0.08706           0
           2    0.075736    0.081398    0.005662
           3    0.076948   0.0799147  0.00358976
           4    0.068084    0.076957  0.00389756
           5    0.046184   0.0708024  0.00685519
           6    0.075252    0.071544  0.00564616
           7    0.059412   0.0698109  0.00507687
           8     0.08154    0.071277  0.00463471
           9    0.077052   0.0719187  0.00413749
          10    0.074988   0.0722256  0.00371339
          11    0.060808   0.0711876   0.0035156
          12    0.085048   0.0723427  0.00341081
          13    0.082256   0.0731052  0.00322883
          14    0.067556   0.0727089  0.00301548
          15    0.048376   0.0710867  0.00324226
          16     0.06728   0.0708488  0.00304217
          17    0.070284   0.0708155  0.00285781
          18    0.077984   0.0712138  0.00272365
          19    0.074064   0.0713638  0.00258068
          20    0.087908    0.072191  0.00258422
           1    0.052096    0.052096           0
           2    0.079508    0.065802    0.013706
           3      0.0678    0.066468  0.00794114
           4    0.067652    0.066764  0.00562303
           5    0.058428   0.0650968  0.00466376
           6     0.06366   0.0648573  0.00381546
           7    0.064912   0.0648651  0.00322467
           8    0.066728    0.065098  0.00280233
           9    0.085376   0.0673511  0.00334432
          10     0.07356    0.067972  0.00305501
          11    0.088204   0.0698113   0.0033195
          12    0.075904    0.070319  0.00307251
          13    0.074744   0.0706594  0.00284673
          14    0.068024   0.0704711  0.00264227
          15     0.04258   0.0686117  0.00308352
          16     0.08034   0.0693447  0.00297606
          17    0.070184   0.0693941  0.00279595
          18    0.065816   0.0691953  0.00264354
          19    0.072472   0.0693678  0.00250647
          20    0.067348   0.0692668  0.00237999
           1      0.0656      0.0656           0
           2    0.074888    0.070244    0.004644
           3    0.079796    0.073428  0.00416254
           4    0.062056    0.070585  0.00409219
           5    0.067252   0.0699184  0.00323913
           6    0.060244    0.068306   0.0030975
           7    0.072488   0.0689034  0.00268517
           8    0.071664   0.0692485  0.00235089
           9    0.076468   0.0700507  0.00222306
          10    0.059524    0.068998  0.00224982
          11    0.072524   0.0693185  0.00206013
          12    0.069196   0.0693083  0.00188066
          13    0.059128   0.0685252  0.00189895
          14    0.067456   0.0684489  0.00175974
          15    0.039136   0.0664947  0.00255003
          16    0.071304   0.0667953   0.0024042
          17     0.07814   0.0674626  0.00235489
          18     0.07456   0.0678569  0.00225495
          19    0.050988   0.0669691  0.00231037
          20    0.060288    0.066635  0.00221712
           1    0.070632    0.070632           0
           2    0.061088     0.06586    0.004772
           3    0.048192   0.0599707  0.00650192
           4    0.058388    0.059575  0.00461454
           5    0.052768   0.0582136  0.00382489
           6     0.05672   0.0579647  0.00313292
           7     0.05678   0.0577954   0.0026532
           8    0.064704    0.058659  0.00245466
           9     0.07698   0.0606947  0.00297159
          10    0.063352   0.0609604  0.00267112
          11    0.066976   0.0615073  0.00247724
          12    0.064716   0.0617747  0.00227715
          13    0.068304   0.0622769  0.00215405
          14    0.052812   0.0616009  0.00210574
          15     0.06398   0.0617595  0.00196674
          16    0.062512   0.0618065  0.00184032
          17    0.066012   0.0620539  0.00174629
          18    0.064832   0.0622082  0.00165364
          19      0.0485   0.0614867  0.00172256
          20    0.060372    0.061431  0.00163511
           1    0.057088    0.057088           0
           2    0.062856    0.059972    0.002884
           3    0.053116   0.0576867  0.00282758
           4    0.051068    0.056032  0.00259529
           5      0.0443   0.0536856  0.00308981
           6     0.05238    0.053468  0.00253218
           7    0.060844   0.0545217  0.00238543
           8     0.07248   0.0567665   0.0030507
           9    0.074272   0.0587116  0.00331992
          10    0.054588   0.0582992  0.00299792
          11    0.052692   0.0577895  0.00275921
          12    0.070064   0.0588123  0.00271858
          13     0.05452   0.0584822  0.00252243
          14    0.044464   0.0574809  0.00254093
          15    0.050024   0.0569837  0.00241715
          16    0.071552   0.0578942  0.00243748
          17     0.05868   0.0579405  0.00229008
          18    0.063392   0.0582433  0.00218025
          19    0.053032   0.0579691  0.00208047
          20    0.065312   0.0583362  0.00200756
           1    0.047676    0.047676           0
           2      0.0575    0.052588    0.004912
           3    0.047916   0.0510307  0.00323541
           4    0.051452    0.051136   0.0022902
           5    0.047304   0.0503696  0.00193246
           6    0.052664    0.050752  0.00162352
           7    0.046804    0.050188  0.00148352
           8    0.059732    0.051381  0.00175324
           9    0.066108   0.0530173   0.0022513
          10    0.069776   0.0546932  0.00261978
          11    0.052136   0.0544607  0.00238105
          12    0.068532   0.0556333  0.00246972
          13    0.050288   0.0552222  0.00230872
          14    0.042628   0.0543226  0.00231905
          15      0.0532   0.0542477  0.00216021
          16    0.053808   0.0542202  0.00202088
          17    0.046404   0.0537605  0.00195318
          18    0.064436   0.0543536  0.00193462
          19      0.0376   0.0534718  0.00203133
          20    0.050208   0.0533086  0.00193399
           1    0.050936    0.050936           0
           2    0.057124     0.05403    0.003094
           3    0.029332   0.0457973  0.00842424
           4    0.053052    0.047611  0.00622682
           5    0.047516    0.047592  0.00482331
           6    0.041012   0.0464953  0.00408806
           7    0.052136   0.0473011  0.00354776
           8    0.057292     0.04855  0.00331657
           9    0.061828   0.0500253  0.00327595
          10     0.06782   0.0518048  0.00342812
          11    0.048752   0.0515273  0.00311324
          12    0.064708   0.0526257  0.00304686
          13     0.05376   0.0527129  0.00280406
          14    0.056848   0.0530083  0.00261281
          15     0.04074   0.0521904  0.00256622
          16    0.054524   0.0523363   0.0024049
          17    0.040608   0.0516464  0.00236201
          18    0.079452   0.0531911  0.00271025
          19    0.053264   0.0531949  0.00256365
          20    0.047584   0.0529144  0.00244822
           1    0.044148    0.044148           0
           2    0.049932     0.04704    0.002892
           3    0.041312   0.0451307  0.00253642
           4    0.047248     0.04566     0.00187
           5    0.047536   0.0460352   0.0014963
           6    0.048932    0.046518  0.00131366
           7    0.057852   0.0481371  0.00196323
           8    0.057488    0.049306  0.00206323
           9    0.066312   0.0511956  0.00262324
          10    0.057896   0.0518656  0.00244009
          11     0.04134   0.0509087  0.00240564
          12    0.065072    0.052089  0.00249312
          13      0.0457   0.0515975   0.0023454
          14      0.0528   0.0516834  0.00217312
          15     0.05254   0.0517405  0.00202387
          16    0.052136   0.0517652  0.00189332
          17    0.036004   0.0508381  0.00200562
          18    0.058844   0.0512829  0.00194252
          19    0.049608   0.0511947  0.00183955
          20    0.053528   0.0513114  0.00174905
           1    0.043992    0.043992           0
           2    0.042672    0.043332     0.00066
           3     0.04798   0.0448813   0.0015955
           4      0.0456    0.045061  0.00114241
           5    0.035024   0.0430536  0.00219379
           6    0.048036    0.043884  0.00197435
           7     0.05522   0.0455034  0.00232527
           8    0.044104   0.0453285  0.00202132
           9    0.047828   0.0456062  0.00180414
          10    0.045892   0.0456348  0.00161393
          11     0.03306   0.0444916  0.00185418
          12    0.046644    0.044671  0.00170211
          13    0.050216   0.0450975  0.00162277
          14    0.045964   0.0451594  0.00150367
          15    0.044028    0.045084  0.00140187
          16    0.055096   0.0457098  0.00145298
          17     0.05276   0.0461245  0.00142645
          18    0.054652   0.0465982  0.00142588
          19    0.055604   0.0470722  0.00142961
          20      0.0474   0.0470886  0.00135634
           1    0.056692    0.056692           0
           2    0.035212    0.045952     0.01074
           3    0.034072    0.041992  0.00735736
           4    0.052764    0.044685  0.00585813
           5    0.042012   0.0441504  0.00456907
           6     0.03912    0.043312  0.00382368
           7    0.049828   0.0442429  0.00336299
           8    0.059116    0.046102  0.00345524
           9     0.04734   0.0462396  0.00305034
          10    0.044936   0.0461092  0.00273142
          11    0.032688   0.0448891  0.00275551
          12    0.048048   0.0451523  0.00252916
          13    0.034644    0.044344  0.00246292
          14    0.044844   0.0443797   0.0022805
          15     0.05424   0.0450371  0.00222247
          16      0.0509   0.0454035  0.00211097
          17     0.04864   0.0455939  0.00199203
          18    0.050976   0.0458929  0.00190176
          19    0.043264   0.0457545   0.0018042
          20    0.039204    0.045427  0.00174267
           1    0.053924    0.053924           0
           2    0.044084    0.049004     0.00492
           3    0.040404   0.0461373  0.00403566
           4    0.034032    0.043111  0.00415957
           5     0.04526   0.0435408  0.00325053
           6     0.04954   0.0445407  0.00283614
           7     0.04924    0.045212  0.00248921
           8    0.061416   0.0472375    0.002958
           9     0.04116   0.0465622   0.0026947
          10    0.056164   0.0475224  0.00259443
          11    0.039828   0.0468229  0.00244878
          12     0.04624   0.0467743  0.00223595
          13     0.03746   0.0460578  0.00217799
          14    0.048468     0.04623  0.00202377
          15    0.044852   0.0461381  0.00188626
          16    0.038932   0.0456877  0.00182101
          17     0.04034   0.0453732  0.00173923
          18    0.047528   0.0454929  0.00164412
          19    0.037696   0.0450825  0.00160841
          20     0.03986   0.0448214  0.00154806
           1    0.043864    0.043864           0
           2    0.046304    0.045084     0.00122
           3    0.038736    0.042968  0.00223015
           4     0.04004    0.042236  0.00173857
           5    0.050536    0.043896  0.00213756
           6    0.043924   0.0439007  0.00174532
           7    0.043336     0.04382  0.00147727
           8    0.056712   0.0454315  0.00205759
           9    0.056904   0.0467062  0.00221761
          10    0.047076   0.0467432  0.00198383
          11     0.03108   0.0453193  0.00229076
          12    0.045136    0.045304  0.00209123
          13    0.039988   0.0448951  0.00196663
          14     0.04904   0.0451911  0.00184466
          15    0.047792   0.0453645  0.00172602
          16    0.030888   0.0444597  0.00185078
          17    0.030176   0.0436195   0.0019309
          18     0.03844   0.0433318  0.00184307
          19     0.04638   0.0434922  0.00175073
          20    0.042176   0.0434264   0.0016622
           1    0.046268    0.046268           0
           2    0.043596    0.044932    0.001336
           3    0.032104    0.040656  0.00434501
           4     0.04192    0.040972   0.0030886
           5    0.051272    0.043032   0.0031571
           6    0.045496   0.0434427  0.00261027
           7    0.049936   0.0443703  0.00239317
           8    0.046456    0.044631  0.00208888
           9    0.046808   0.0448729  0.00185803
          10     0.04218   0.0446036  0.00168355
          11     0.03762   0.0439687  0.00164987
          12    0.041068    0.043727  0.00152539
          13    0.031576   0.0427923  0.00168597
          14    0.043364   0.0428331  0.00156144
          15    0.048792   0.0432304  0.00150693
          16    0.038696    0.042947  0.00143781
          17    0.034828   0.0424694  0.00143254
          18    0.035864   0.0421024  0.00139958
          19     0.03502   0.0417297  0.00137535
          20    0.041444   0.0417154  0.00130485
           1    0.047608    0.047608           0
           2     0.04004    0.043824    0.003784
           3    0.028948   0.0388653   0.0054186
           4     0.03976    0.039089  0.00383805
           5      0.0401   0.0392912  0.00297981
           6    0.046628    0.040514  0.00272301
           7    0.043808   0.0409846  0.00234898
           8     0.04748   0.0417965  0.00219032
           9    0.043356   0.0419698  0.00193944
          10    0.046524   0.0424252  0.00179347
          11    0.041216   0.0423153  0.00162598
          12    0.030992   0.0413717  0.00175885
          13    0.044924   0.0416449  0.00164082
          14    0.041728   0.0416509  0.00151912
          15    0.045272   0.0418923  0.00143468
          16    0.043236   0.0419762  0.00134464
          17    0.028236    0.041168  0.00149954
          18    0.040248   0.0411169   0.0014147
          19    0.033224   0.0407015  0.00140117
          20    0.022516   0.0397922  0.00161051
           1    0.034552    0.034552           0
           2    0.044704    0.039628    0.005076
           3    0.038124   0.0391267   0.0029732
           4    0.033188    0.037642  0.00257375
           5     0.04742   0.0395976  0.00279265
           6    0.038616    0.039434  0.00228605
           7    0.034792   0.0387709   0.0020427
           8     0.05218    0.040447  0.00243699
           9    0.037472   0.0401164   0.0021745
          10    0.040452     0.04015  0.00194522
          11    0.046984   0.0407713  0.00186598
          12    0.037344   0.0404857  0.00172718
          13    0.040032   0.0404508  0.00158915
          14     0.03736     0.04023  0.00148774
          15    0.041276   0.0402997  0.00138677
          16    0.045508   0.0406253  0.00133742
          17    0.033776   0.0402224  0.00131931
          18    0.046364   0.0405636  0.00128981
          19    0.028816   0.0399453  0.00136776
          20    0.032948   0.0395954  0.00134391
           1    0.041232    0.041232           0
           2     0.04158    0.041406    0.000174
           3    0.038156   0.0403227  0.00108798
           4    0.028016    0.037246  0.00317139
           5     0.03934   0.0376648  0.00249199
           6    0.046916   0.0392067  0.00255291
           7    0.035748   0.0387126  0.00221346
           8    0.042156    0.039143  0.00196464
           9    0.033636   0.0385311  0.00183752
          10    0.040864   0.0387644     0.00166
          11      0.0567   0.0403949  0.00221656
          12     0.03562    0.039997  0.00206219
          13    0.037576   0.0398108  0.00190606
          14     0.04174   0.0399486  0.00177004
          15    0.031844   0.0394083  0.00173414
          16     0.04124   0.0395227  0.00162617
          17    0.029848   0.0389536  0.00163009
          18    0.033196   0.0386338   0.0015698
          19    0.018476   0.0375728  0.00182495
          20     0.03312   0.0373502  0.00174556
           1      0.0418      0.0418           0
           2    0.040876    0.041338    0.000462
           3    0.027596   0.0367573  0.00458843
           4     0.03748    0.036938  0.00324953
           5    0.032732   0.0360968  0.00265392
           6    0.034872   0.0358927  0.00217651
           7    0.032688   0.0354349   0.0018956
           8    0.037564    0.035701  0.00166307
           9    0.036772     0.03582  0.00147151
          10      0.0386    0.036098   0.0013452
          11    0.042232   0.0366556  0.00133847
          12    0.036012    0.036602  0.00122303
          13    0.029588   0.0360625  0.00124771
          14     0.04844   0.0369466  0.00145466
          15    0.033208   0.0366973  0.00137696
          16    0.040804    0.036954  0.00131335
          17    0.032436   0.0366882  0.00126198
          18    0.034036   0.0365409   0.0011989
          19    0.030232   0.0362088  0.00118165
          20    0.033316   0.0360642  0.00113031
           1    0.037732    0.037732           0
           2    0.049636    0.043684    0.005952
           3    0.030324   0.0392307  0.00562503
           4    0.027356    0.036262  0.00496321
           5     0.03454   0.0359176  0.00385988
           6    0.044548    0.037356  0.00346431
           7    0.028276   0.0360589  0.00320235
           8    0.033764    0.035772  0.00278811
           9     0.03006   0.0351373  0.00253947
          10    0.044916   0.0361152  0.00247292
          11    0.046472   0.0370567  0.00242692
          12    0.029944    0.036464  0.00229338
          13     0.03772   0.0365606  0.00211182
          14    0.048752   0.0374314  0.00214032
          15    0.036652   0.0373795  0.00199321
          16    0.043888   0.0377863  0.00190834
          17    0.027924   0.0372061  0.00188411
          18      0.0309   0.0368558  0.00181057
          19    0.032392   0.0366208  0.00172867
          20    0.023548   0.0359672  0.00176542
           1     0.03264     0.03264           0
           2    0.042104    0.037372    0.004732
           3     0.02802   0.0342547  0.00414508
           4      0.0411    0.035966  0.00339404
           5    0.037844   0.0363416  0.00265571
           6    0.042204   0.0373187  0.00237834
           7    0.027284   0.0358851  0.00246888
           8    0.029976   0.0351465   0.0022621
           9    0.030176   0.0345942  0.00207002
          10    0.035072    0.034642   0.0018521
          11      0.0407   0.0351927  0.00176349
          12    0.034204   0.0351103  0.00161194
          13    0.037216   0.0352723  0.00149159
          14    0.040368   0.0356363  0.00142811
          15    0.026772   0.0350453  0.00145492
          16    0.034756   0.0350273  0.00136107
          17    0.028708   0.0346555  0.00133145
          18    0.031688   0.0344907  0.00126608
          19    0.035856   0.0345625  0.00119974
          20    0.029288   0.0342988  0.00116833
           1    0.027292    0.027292           0
           2    0.023048     0.02517    0.002122
           3    0.023436    0.024592  0.00135464
           4    0.033992    0.026942  0.00253772
           5    0.031452    0.027844  0.00216278
           6    0.036932   0.0293587  0.00232651
           7    0.040348   0.0309286   0.0025161
           8    0.034184   0.0313355  0.00221668
           9    0.026456   0.0307933  0.00202871
          10     0.03408    0.031122  0.00184406
          11    0.036476   0.0316087  0.00173758
          12    0.028296   0.0313327  0.00161003
          13     0.02438   0.0307978  0.00157462
          14     0.03882   0.0313709  0.00156639
          15    0.028212   0.0311603  0.00147335
          16    0.023428    0.030677  0.00146047
          17    0.033228   0.0308271  0.00138006
          18    0.035016   0.0310598  0.00132178
          19    0.027448   0.0308697  0.00126464
          20    0.021208   0.0303866  0.00129335
           1     0.03242     0.03242           0
           2     0.02272     0.02757     0.00485
           3       0.027     0.02738  0.00280659
           4     0.03828    0.030105  0.00337107
           5     0.02566    0.029216   0.0027584
           6    0.036528   0.0304347  0.00256079
           7    0.038732     0.03162   0.0024676
           8    0.021408   0.0303435  0.00248923
           9    0.040448   0.0314662  0.00246573
          10    0.043348   0.0326544  0.00250512
          11    0.035412   0.0329051  0.00227979
          12    0.030272   0.0326857  0.00209269
          13    0.030624   0.0325271  0.00193152
          14    0.034092   0.0326389  0.00179173
          15    0.017576   0.0316347  0.00194696
          16    0.037796   0.0320197  0.00186148
          17     0.02526   0.0316221   0.0017932
          18    0.031472   0.0316138  0.00169066
          19    0.023924   0.0312091  0.00164963
          20     0.01668   0.0304826  0.00172536
           1     0.03482     0.03482           0
           2    0.024216    0.029518    0.005302
           3    0.034844   0.0312933  0.00353867
           4    0.031224    0.031276  0.00250228
           5      0.0268   0.0303808    0.002135
           6    0.025184   0.0295147  0.00194654
           7    0.031368   0.0297794  0.00166629
           8    0.023296    0.028969  0.00165505
           9    0.037764   0.0299462  0.00175654
          10    0.031328   0.0300844  0.00157717
          11    0.036992   0.0307124  0.00155869
          12     0.03206   0.0308247  0.00142731
          13     0.03862   0.0314243  0.00144339
          14    0.024752   0.0309477  0.00141876
          15    0.024216   0.0304989  0.00139496
          16      0.0404   0.0311177  0.00144416
          17    0.031292    0.031128  0.00135659
          18    0.029836   0.0310562  0.00128102
          19      0.0153   0.0302269  0.00146832
          20      0.0155   0.0294906  0.00157562
           1    0.030192    0.030192           0
           2    0.036596    0.033394    0.003202
           3     0.02844   0.0317427  0.00247881
           4    0.031996    0.031806  0.00175393
           5    0.030952   0.0316352  0.00136928
           6     0.02054    0.029786   0.0021609
           7    0.030504   0.0298886  0.00182917
           8    0.027072   0.0295365  0.00162276
           9    0.031564   0.0297618  0.00144876
          10    0.030416   0.0298272  0.00129746
          11    0.031132   0.0299458  0.00117958
          12    0.029344   0.0298957  0.00107797
          13    0.028676   0.0298018 0.000996018
          14    0.031288    0.029908 0.000928224
          15    0.021476   0.0293459  0.00103088
          16    0.036384   0.0297857  0.00105989
          17    0.043916   0.0306169  0.00129695
          18    0.031992   0.0306933  0.00122516
          19    0.016764   0.0299602  0.00137131
          20    0.023916    0.029658  0.00133558
           1    0.037196    0.037196           0
           2    0.039468    0.038332    0.001136
           3    0.026324   0.0343293  0.00405605
           4    0.034504    0.034373  0.00286839
           5    0.023224   0.0321432  0.00314779
           6    0.014372   0.0291813  0.00392153
           7    0.024048    0.028448  0.00339446
           8    0.031888    0.028878  0.00297097
           9    0.038612   0.0299596   0.0028346
          10    0.029884    0.029952  0.00253535
          11     0.03658   0.0305545  0.00237115
          12    0.021808   0.0298257  0.00228398
          13    0.032408   0.0300243  0.00211032
          14    0.031816   0.0301523  0.00195797
          15      0.0152   0.0291555  0.00207753
          16    0.028132   0.0290915   0.0019444
          17    0.033988   0.0293795  0.00184902
          18    0.026404   0.0292142  0.00175109
          19    0.024748   0.0289792  0.00167296
          20    0.023208   0.0286906  0.00161313
