           1    0.412974    0.412974           0
           2    0.358424    0.385699    0.027275
           3    0.411578    0.394325   0.0179551
           4    0.364128    0.386776   0.0147711
           5    0.360763    0.381573   0.0125689
           6    0.383946    0.381969   0.0102701
           7    0.318233    0.372864   0.0125794
           8    0.357703    0.370969   0.0110577
           9    0.392837    0.373399   0.0100501
          10    0.370934    0.373152  0.00899247
          11     0.40451    0.376003  0.00861908
          12    0.285029    0.368422   0.0109262
          13    0.319523     0.36466   0.0107314
          14    0.410586    0.367941   0.0104629
          15    0.339697    0.366058  0.00992075
          16    0.221731    0.357037   0.0129417
          17    0.274617    0.352189   0.0130877
          18    0.390725     0.35433   0.0125236
          19    0.248704    0.348771   0.0130857
          20    0.333792    0.348022   0.0124368
           1    0.383838    0.383838           0
           2    0.388055    0.385946  0.00210868
           3    0.391117     0.38767  0.00211025
           4    0.378502    0.385378    0.002735
           5    0.362838     0.38087   0.0049809
           6    0.376091    0.380074  0.00414415
           7    0.431235    0.387382  0.00810459
           8    0.360586    0.384033  0.00777704
           9    0.438771    0.390115  0.00916692
          10     0.42841    0.393944  0.00904939
          11    0.408589    0.395276  0.00829305
          12    0.354359    0.391866  0.00830292
          13    0.316396    0.386061  0.00959351
          14    0.400416    0.387086  0.00894086
          15    0.394803      0.3876  0.00833937
          16    0.364706    0.386169  0.00793092
          17    0.354902     0.38433  0.00767349
          18    0.404941    0.385475  0.00732469
          19    0.329516     0.38253  0.00752847
          20    0.397745    0.383291  0.00718254
           1    0.403982    0.403982           0
           2    0.407662    0.405822  0.00184027
           3    0.419444    0.410363  0.00466336
           4    0.397582    0.407167  0.00459157
           5    0.388065    0.403347  0.00521972
           6    0.374154    0.398481  0.00646818
           7    0.406982    0.399696  0.00559986
           8    0.362008    0.394985  0.00676104
           9    0.403331    0.395912  0.00603435
          10    0.404969    0.396818  0.00547275
          11    0.394399    0.396598  0.00495517
          12    0.380513    0.395258  0.00471785
          13    0.407371    0.396189  0.00443869
          14    0.387713    0.395584  0.00415379
          15    0.409388    0.396504  0.00397496
          16    0.417991    0.397847  0.00395331
          17    0.378938    0.396735   0.0038765
          18      0.3992    0.396872  0.00365736
          19    0.345102    0.394147  0.00440368
          20    0.415185    0.395199  0.00430809
           1    0.462794    0.462794           0
           2    0.402382    0.432588    0.030206
           3    0.416965    0.427381   0.0182004
           4    0.430402    0.428136   0.0128918
           5    0.390262    0.420561   0.0125338
           6    0.382401    0.414201   0.0120491
           7    0.387205    0.410345   0.0108892
           8    0.383919    0.407041  0.00999208
           9    0.396033    0.405818  0.00889667
          10    0.411101    0.406346  0.00797494
          11     0.41397    0.407039  0.00724681
          12    0.408245     0.40714  0.00661617
          13    0.398342    0.406463   0.0061235
          14    0.405005    0.406359  0.00567022
          15    0.397135    0.405744  0.00531438
          16    0.423683    0.406865  0.00509603
          17    0.424107    0.407879  0.00489315
          18    0.413193    0.408175  0.00462274
          19    0.402753    0.407889  0.00438197
          20    0.401742    0.407582  0.00416845
           1    0.496918    0.496918           0
           2     0.40695    0.451934   0.0449838
           3    0.432174    0.445347   0.0267936
           4     0.47645    0.453123   0.0204795
           5    0.405403    0.443579   0.0185131
           6    0.429434    0.441222   0.0152987
           7    0.352932    0.428609   0.0180627
           8    0.425464    0.428216   0.0156477
           9    0.448047    0.430419   0.0139748
          10    0.473557    0.434733   0.0132229
          11    0.434007    0.434667   0.0119607
          12    0.395118    0.431371   0.0114052
          13    0.421231    0.430591   0.0105202
          14      0.3937    0.427956     0.01009
          15    0.370273     0.42411   0.0101499
          16    0.401822    0.422717  0.00959604
          17    0.450102    0.424328  0.00915671
          18    0.399967    0.422975  0.00873848
          19    0.444101    0.424087  0.00834022
          20    0.401469    0.422956  0.00799264
           1    0.476536    0.476536           0
           2    0.415083     0.44581   0.0307262
           3    0.440634    0.444084   0.0178235
           4    0.453466     0.44643   0.0128195
           5    0.391754    0.435495   0.0147709
           6    0.443191    0.436777   0.0121284
           7    0.395658    0.430903   0.0118143
           8    0.428924    0.430656   0.0102345
           9    0.417502    0.429194  0.00914349
          10    0.465125    0.432787  0.00893271
          11     0.42789    0.432342  0.00809219
          12    0.427432    0.431933  0.00739845
          13    0.424529    0.431364  0.00682938
          14    0.385553    0.428091  0.00711931
          15    0.377849    0.424742  0.00742601
          16    0.439761    0.425681  0.00700954
          17    0.455419     0.42743  0.00681273
          18    0.447878    0.428566  0.00652278
          19    0.399657    0.427044  0.00635478
          20    0.391252    0.425255  0.00628869
           1    0.466044    0.466044           0
           2    0.437207    0.451626   0.0144185
           3    0.451925    0.451726  0.00832515
           4    0.424162    0.444835  0.00906295
           5     0.38338    0.432544   0.0141545
           6     0.44608      0.4348   0.0117753
           7    0.452466    0.437324   0.0102669
           8    0.469923    0.441399  0.00978069
           9    0.422302    0.439277   0.0088829
          10    0.457924    0.441141    0.008161
          11    0.388955    0.436397  0.00877497
          12    0.467546    0.438993  0.00842049
          13    0.417641     0.43735  0.00791794
          14    0.396871    0.434459  0.00788021
          15    0.404176     0.43244   0.0076088
          16    0.431349    0.432372  0.00711771
          17    0.437078    0.432649  0.00669165
          18     0.44491     0.43333  0.00634562
          19    0.424009    0.432839  0.00602237
          20    0.394369    0.430916  0.00602843
           1    0.466511    0.466511           0
           2    0.457338    0.461925  0.00458628
           3     0.43988    0.454576  0.00781082
           4    0.424697    0.447106  0.00928996
           5    0.429384    0.443562  0.00802158
           6    0.436356    0.442361  0.00665879
           7    0.480327    0.447785  0.00781584
           8    0.473294    0.450973  0.00748221
           9    0.424906    0.448077  0.00720638
          10    0.440773    0.447347  0.00648683
          11    0.422882    0.445123  0.00627491
          12    0.409513    0.442155  0.00645119
          13    0.422335    0.440631  0.00612695
          14    0.425383    0.439541  0.00577607
          15     0.41898    0.438171   0.0055492
          16    0.415494    0.436753  0.00538081
          17    0.450582    0.437567  0.00511943
          18    0.445614    0.438014  0.00484731
          19    0.450554    0.438674  0.00463235
          20    0.406435    0.437062  0.00468094
           1    0.455405    0.455405           0
           2     0.45151    0.453457  0.00194758
           3      0.4165    0.441138   0.0123703
           4     0.45781    0.445306  0.00968942
           5    0.446491    0.445543  0.00750913
           6    0.450998    0.446452  0.00619823
           7    0.453564    0.447468  0.00533608
           8     0.47075    0.450379  0.00546118
           9    0.417511    0.446727   0.0060443
          10    0.442977    0.446352  0.00541918
          11    0.420789    0.444028  0.00542479
          12    0.414311    0.441551   0.0055368
          13    0.439353    0.441382  0.00509592
          14    0.424098    0.440148  0.00487677
          15    0.432811    0.439659  0.00456629
          16    0.409898    0.437799  0.00465878
          17    0.455864    0.438861  0.00450335
          18    0.489941    0.441699  0.00510684
          19    0.431829     0.44118  0.00485843
          20      0.3807    0.438156  0.00551257
           1    0.475475    0.475475           0
           2     0.44068    0.458078   0.0173977
           3    0.402512    0.439556   0.0210701
           4    0.439261    0.439482    0.014899
           5    0.454125    0.442411   0.0119065
           6    0.465073    0.446188   0.0104295
           7    0.465265    0.448913  0.00922627
           8    0.420404    0.445349  0.00874884
           9    0.421076    0.442652  0.00817355
          10    0.449129      0.4433  0.00733927
          11    0.428036    0.441912  0.00678209
          12    0.437663    0.441558  0.00620129
          13    0.414673     0.43949  0.00606768
          14    0.408497    0.437276  0.00603805
          15    0.450607    0.438165  0.00569094
          16    0.412152    0.436539  0.00556613
          17    0.470476    0.438536   0.0055966
          18    0.467182    0.440127   0.0055113
          19    0.431044    0.439649  0.00523504
          20    0.401584    0.437746  0.00531859
           1    0.467932    0.467932           0
           2    0.429563    0.448748   0.0191845
           3    0.389947    0.429147   0.0225135
           4    0.435637     0.43077   0.0160019
           5    0.463057    0.437227   0.0139763
           6     0.47232    0.443076   0.0128231
           7     0.46942    0.446839   0.0114723
           8    0.422725    0.443825   0.0103825
           9     0.42352    0.441569  0.00943037
          10    0.432661    0.440678  0.00848169
          11     0.44632    0.441191   0.0076891
          12    0.433065    0.440514  0.00705175
          13     0.42868    0.439604  0.00655023
          14    0.407321    0.437298  0.00648792
          15    0.448619    0.438053   0.0060869
          16    0.423649    0.437152  0.00576451
          17    0.469522    0.439056  0.00573983
          18    0.435691    0.438869   0.0054148
          19     0.42827    0.438312  0.00515218
          20    0.420561    0.437424  0.00496771
           1    0.461544    0.461544           0
           2    0.431226    0.446385   0.0151586
           3    0.416831    0.436534   0.0131775
           4     0.43355    0.435788  0.00934769
           5    0.490036    0.446637   0.0130439
           6       0.452    0.447531   0.0106877
           7    0.464702    0.449984   0.0093599
           8    0.448362    0.449781  0.00810845
           9    0.430062     0.44759   0.0074791
          10    0.429482     0.44578  0.00693028
          11    0.462886    0.447335  0.00645871
          12     0.42976     0.44587  0.00607513
          13    0.433498    0.444918  0.00566877
          14    0.411169    0.442508  0.00577545
          15    0.451177    0.443086  0.00540762
          16    0.428122     0.44215   0.0051441
          17     0.42695    0.441256  0.00491407
          18    0.453628    0.441944  0.00468374
          19    0.425657    0.441086  0.00451254
          20    0.425123    0.440288  0.00435474
           1    0.442444    0.442444           0
           2    0.434264    0.438354  0.00408996
           3    0.424133    0.433614  0.00529601
           4    0.425718     0.43164  0.00423324
           5    0.462178    0.437747  0.00693212
           6     0.44889    0.439604  0.00595691
           7    0.468002    0.443661  0.00646557
           8    0.447867    0.444187  0.00562397
           9    0.429603    0.442566  0.00521787
          10    0.427802     0.44109  0.00489499
          11    0.450579    0.441953  0.00451093
          12    0.428766    0.440854  0.00426201
          13    0.428937    0.439937  0.00402622
          14    0.414602    0.438127  0.00414361
          15    0.444882    0.438578  0.00388369
          16    0.443038    0.438856  0.00364354
          17    0.436182    0.438699  0.00342612
          18    0.445384     0.43907  0.00325146
          19    0.442553    0.439254  0.00308103
          20      0.4445    0.439516  0.00293467
           1    0.447632    0.447632           0
           2    0.441371    0.444501  0.00313041
           3    0.426459    0.438487  0.00627985
           4    0.417732    0.433298   0.0068295
           5    0.445201    0.435679    0.005801
           6    0.431391    0.434964  0.00479011
           7    0.462719    0.438929  0.00566666
           8    0.446577    0.439885  0.00499971
           9    0.433408    0.439165  0.00446768
          10    0.437451    0.438994  0.00399969
          11     0.43331    0.438477  0.00365458
          12    0.425368    0.437385  0.00351045
          13    0.424753    0.436413  0.00337217
          14     0.40886    0.434445  0.00369058
          15    0.443865    0.435073  0.00349266
          16    0.428894    0.434687  0.00328983
          17    0.439125    0.434948  0.00310127
          18    0.452567    0.435927   0.0030834
          19    0.425688    0.435388  0.00296597
          20    0.450606    0.436149  0.00291484
           1    0.449252    0.449252           0
           2    0.421611    0.435431   0.0138206
           3     0.41057    0.427144   0.0115041
           4    0.427848     0.42732  0.00813656
           5    0.435443    0.428945  0.00650859
           6    0.422141    0.427811  0.00543389
           7    0.477816    0.434954   0.0084925
           8    0.420158    0.433105  0.00758371
           9    0.422445     0.43192  0.00679227
          10    0.425289    0.431257  0.00611127
          11    0.434851    0.431584   0.0055375
          12    0.427235    0.431222    0.005068
          13    0.410188    0.429604  0.00493466
          14    0.407868    0.428051  0.00482521
          15    0.445012    0.429182  0.00463216
          16     0.41478    0.428282  0.00442549
          17    0.432357    0.428521  0.00416393
          18     0.45433    0.429955  0.00417942
          19    0.427046    0.429802   0.0039563
          20    0.453577    0.430991  0.00393703
           1     0.43164     0.43164           0
           2    0.429765    0.430702 0.000937485
           3    0.406393    0.422599  0.00812106
           4    0.419952    0.421937  0.00578048
           5     0.43352    0.424254  0.00504125
           6    0.407569    0.421473  0.00496748
           7    0.472138    0.428711  0.00836729
           8     0.40634    0.425915  0.00776711
           9    0.420454    0.425308  0.00687677
          10    0.410289    0.423806  0.00633147
          11    0.432503    0.424597  0.00578135
          12    0.434247    0.425401  0.00533855
          13    0.414199    0.424539  0.00498578
          14    0.410824     0.42356  0.00471874
          15    0.437609    0.424496  0.00449165
          16    0.407513    0.423435  0.00433356
          17    0.418283    0.423132  0.00408194
          18    0.438885    0.424007  0.00394675
          19    0.411005    0.423323  0.00379546
          20    0.445184    0.424416  0.00376295
           1    0.435671    0.435671           0
           2     0.42357    0.429621  0.00605028
           3    0.414599    0.424614  0.00610531
           4    0.409166    0.420752  0.00579238
           5    0.427577    0.422117   0.0046898
           6    0.412262    0.420474   0.0041666
           7    0.443401    0.423749  0.00480909
           8    0.400822    0.420883   0.0050556
           9    0.415884    0.420328  0.00449309
          10    0.409829    0.419278  0.00415363
          11    0.424473     0.41975  0.00378667
          12    0.427589    0.420404  0.00351791
          13    0.428003    0.420988  0.00328838
          14    0.407028    0.419991  0.00320358
          15    0.427462    0.420489  0.00302367
          16    0.409825    0.419823  0.00290585
          17    0.425049     0.42013  0.00274683
          18    0.431854    0.420781  0.00267039
          19    0.412143    0.420327  0.00256652
          20    0.432909    0.420956  0.00251478
           1    0.427437    0.427437           0
           2    0.412136    0.419786  0.00765066
           3    0.421997    0.420523  0.00447817
           4    0.419116    0.420171  0.00318603
           5    0.430062     0.42215  0.00316282
           6    0.409508    0.420043  0.00333289
           7    0.423846    0.420586  0.00286874
           8    0.395244    0.417418  0.00402579
           9    0.417417    0.417418  0.00355041
          10    0.399509    0.415627  0.00364579
          11    0.426817    0.416644  0.00345107
          12    0.427029     0.41751  0.00326707
          13    0.415736    0.417373  0.00300836
          14    0.410547    0.416886  0.00282756
          15    0.415997    0.416826  0.00263298
          16    0.411423    0.416489  0.00248597
          17    0.405034    0.415815  0.00243043
          18    0.426099    0.416386  0.00236159
          19    0.409057    0.416001   0.0022669
          20    0.421075    0.416254  0.00216549
           1    0.419099    0.419099           0
           2    0.408868    0.413984  0.00511532
           3    0.409057    0.412341  0.00337922
           4    0.411656     0.41217   0.0023956
           5    0.424167     0.41457  0.00303324
           6    0.405614    0.413077  0.00289164
           7    0.419177    0.413948  0.00259462
           8    0.397136    0.411847  0.00307662
           9    0.418127    0.412545   0.0028016
          10    0.394347    0.410725  0.00309687
          11    0.415277    0.411139  0.00283163
          12     0.41792    0.411704  0.00264596
          13    0.405417     0.41122   0.0024815
          14     0.40305    0.410637  0.00237038
          15    0.407483    0.410426   0.0022167
          16    0.407477    0.410242  0.00208171
          17    0.399857    0.409631  0.00204863
          18    0.420344    0.410226  0.00202108
          19     0.40168    0.409777  0.00196395
          20    0.411057    0.409841  0.00186427
           1     0.40316     0.40316           0
           2    0.401391    0.402276 0.000884424
           3    0.402771    0.402441 0.000536656
           4    0.409126    0.404112  0.00171397
           5    0.410648    0.405419  0.00186316
           6    0.394604    0.403617  0.00235865
           7    0.406792     0.40407  0.00204437
           8    0.392207    0.402587   0.0023095
           9    0.399934    0.402293  0.00205802
          10    0.398157    0.401879  0.00188664
          11    0.410776    0.402688   0.0018885
          12     0.40411    0.402806  0.00172802
          13    0.405702    0.403029  0.00160508
          14    0.395388    0.402483  0.00158308
          15    0.397287    0.402137  0.00151394
          16    0.401347    0.402088  0.00141702
          17    0.392632    0.401531  0.00144259
          18     0.41623    0.402348  0.00158641
          19    0.392737    0.401842  0.00158356
          20    0.405988    0.402049  0.00151653
           1    0.406609    0.406609           0
           2    0.395851     0.40123   0.0053793
           3    0.396344    0.399601  0.00350687
           4    0.405038     0.40096  0.00282779
           5    0.397624    0.400293  0.00228976
           6    0.389507    0.398496  0.00259364
           7    0.396825    0.398257  0.00220497
           8    0.393717    0.397689   0.0019921
           9    0.396059    0.397508  0.00176618
          10    0.393418    0.397099  0.00163182
          11    0.406061    0.397914  0.00168594
          12    0.410309    0.398947  0.00185352
          13    0.391435    0.398369  0.00180023
          14    0.392183    0.397927  0.00172427
          15    0.389653    0.397376  0.00169734
          16    0.396059    0.397293  0.00158985
          17    0.387506    0.396718  0.00160053
          18    0.412274    0.397582  0.00173896
          19    0.384966    0.396918  0.00177385
          20    0.403429    0.397243  0.00171402
           1    0.402044    0.402044           0
           2    0.388499    0.395272  0.00677266
           3    0.389761    0.393435  0.00432015
           4    0.398194    0.394624  0.00327834
           5    0.383709    0.392441  0.00334885
           6    0.382671    0.390813  0.00318245
           7    0.394083     0.39128  0.00272992
           8    0.396808    0.391971  0.00246309
           9    0.387561    0.391481  0.00222683
          10    0.387058    0.391039  0.00204025
          11    0.393531    0.391265  0.00185933
          12     0.40081    0.392061  0.00187447
          13    0.390542    0.391944  0.00172821
          14    0.377467     0.39091  0.00190508
          15    0.382539    0.390352  0.00185926
          16    0.385355     0.39004  0.00176699
          17    0.377384    0.389295  0.00181911
          18      0.4006    0.389923  0.00182645
          19    0.378152    0.389304  0.00183538
          20    0.390635     0.38937  0.00174246
           1    0.384127    0.384127           0
           2    0.382271    0.383199 0.000928133
           3    0.380592     0.38233  0.00102085
           4    0.385151    0.383035  0.00100928
           5    0.378297    0.382088  0.00122848
           6     0.37482    0.380876  0.00157269
           7    0.393373    0.382662  0.00222573
           8    0.390473    0.383638  0.00216074
           9    0.380652    0.383306  0.00193427
          10    0.380922    0.383068  0.00174642
          11    0.383978    0.383151  0.00158186
          12    0.386889    0.383462  0.00147726
          13    0.388797    0.383873   0.0014195
          14    0.370922    0.382948  0.00160712
          15    0.372438    0.382247  0.00165207
          16    0.386348    0.382503  0.00156648
          17     0.37414    0.382011   0.0015515
          18    0.396184    0.382799  0.00166123
          19    0.375758    0.382428  0.00161447
          20    0.376331    0.382123  0.00156166
           1    0.374236    0.374236           0
           2     0.36424    0.369238  0.00499772
           3    0.369378    0.369285  0.00288581
           4    0.380509    0.372091  0.00346964
           5    0.372169    0.372106  0.00268762
           6    0.370918    0.371908  0.00220335
           7    0.382798    0.373464  0.00242644
           8    0.382514    0.374595  0.00238651
           9    0.382271    0.375448  0.00227093
          10    0.373795    0.375283   0.0020379
          11    0.376869    0.375427  0.00184898
          12    0.385319    0.376251  0.00187843
          13    0.384827    0.376911  0.00184954
          14    0.359595    0.375674  0.00211234
          15    0.364124    0.374904  0.00211187
          16    0.388866    0.375777  0.00215962
          17    0.367851    0.375311  0.00208149
          18    0.386642     0.37594  0.00206095
          19    0.368021    0.375523  0.00199352
          20    0.374288    0.375462  0.00189223
           1     0.36497     0.36497           0
           2    0.358542    0.361756  0.00321362
           3    0.359438    0.360983  0.00200983
           4    0.370972    0.363481  0.00287328
           5    0.356563    0.362097  0.00262057
           6    0.357994    0.361413  0.00224633
           7    0.368353    0.362405  0.00214176
           8    0.373173    0.363751  0.00229178
           9    0.371045    0.364561  0.00217763
          10    0.370988    0.365204  0.00205101
          11    0.369756    0.365618   0.0019008
          12    0.376312    0.366509  0.00195068
          13    0.365069    0.366398  0.00179778
          14    0.358601    0.365841  0.00175512
          15    0.360268     0.36547  0.00167564
          16    0.379452    0.366344  0.00179458
          17    0.356281    0.365752  0.00178662
          18    0.380537    0.366573  0.00187404
          19    0.356429    0.366039  0.00185132
          20    0.365015    0.365988  0.00175707
           1    0.352649    0.352649           0
           2    0.357081    0.354865  0.00221594
           3    0.356549    0.355427  0.00139714
           4    0.361351    0.356908  0.00178039
           5    0.351949    0.355916  0.00169863
           6    0.349018    0.354766  0.00180149
           7    0.360451    0.355578  0.00172558
           8    0.357126    0.355772  0.00150686
           9    0.360689    0.356318  0.00143685
          10    0.361418    0.356828  0.00138265
          11    0.364822    0.357555  0.00144648
          12    0.364585    0.358141  0.00144457
          13    0.354124    0.357832  0.00136427
          14     0.34521     0.35693   0.0015518
          15    0.355636    0.356844  0.00144722
          16    0.366627    0.357455  0.00148542
          17    0.349532    0.356989   0.0014711
          18    0.363906    0.357374  0.00143921
          19    0.348128    0.356887  0.00144571
          20    0.355701    0.356828   0.0013728
           1    0.341382    0.341382           0
           2    0.350181    0.345782   0.0043993
           3    0.349771    0.347112  0.00286703
           4    0.355683    0.349255  0.00294996
           5    0.346443    0.348692  0.00235322
           6    0.337145    0.346768  0.00271948
           7    0.350972    0.347368  0.00237556
           8    0.345333    0.347114  0.00207296
           9    0.351577     0.34761  0.00189424
          10     0.34675    0.347524  0.00169644
          11     0.35827    0.348501  0.00181908
          12    0.351527    0.348753  0.00167963
          13    0.349783    0.348832  0.00154706
          14    0.329933    0.347482  0.00196819
          15    0.352511    0.347817   0.0018627
          16     0.36749    0.349047  0.00213254
          17    0.348527    0.349016   0.0020034
          18     0.35329    0.349254  0.00190369
          19    0.341122    0.348826  0.00185087
          20    0.346128    0.348691  0.00176107
           1    0.334017    0.334017           0
           2    0.345009    0.339513   0.0054962
           3    0.342531    0.340519  0.00332885
           4    0.342403     0.34099  0.00240051
           5    0.339655    0.340723   0.0018785
           6    0.328507    0.338687  0.00254904
           7    0.338909    0.338719  0.00215456
           8    0.334807     0.33823  0.00192893
           9    0.341085    0.338547  0.00173048
          10    0.337251    0.338417  0.00155321
          11    0.352808    0.339726  0.00191972
          12     0.34534    0.340194  0.00181384
          13    0.339728    0.340158  0.00166887
          14    0.321353    0.338815  0.00204732
          15    0.342663    0.339071  0.00192314
          16    0.357945    0.340251  0.00215119
          17    0.339456    0.340204  0.00202123
          18    0.343832    0.340406  0.00191626
          19    0.335048    0.340124   0.0018344
          20      0.3393    0.340082  0.00174075
           1    0.328201    0.328201           0
           2    0.337967    0.333084  0.00488303
           3    0.328875    0.331681  0.00314895
           4    0.335454    0.332624  0.00241825
           5    0.336275    0.333355  0.00201046
           6    0.321176    0.331325  0.00261041
           7    0.326509    0.330637  0.00231097
           8    0.327104    0.330195  0.00204952
           9     0.32854    0.330011  0.00181684
          10    0.326028    0.329613  0.00167315
          11    0.340235    0.330579  0.00179522
          12    0.334623    0.330916   0.0016731
          13    0.331655    0.330972  0.00154008
          14    0.320201    0.330203  0.00162018
          15    0.335057    0.330527  0.00154262
          16    0.347522    0.331589   0.0017918
          17    0.332817    0.331661  0.00168466
          18     0.33749    0.331985  0.00162099
          19    0.326409    0.331691  0.00156113
          20    0.333726    0.331793  0.00148451
           1    0.319942    0.319942           0
           2    0.326209    0.323076   0.0031335
           3    0.320618    0.322256  0.00198593
           4    0.329194    0.323991  0.00223163
           5    0.326891    0.324571   0.0018233
           6    0.319882    0.323789  0.00168135
           7    0.317145     0.32284  0.00170885
           8    0.317993    0.322234  0.00159912
           9    0.322755    0.322292  0.00141148
          10    0.320262    0.322089  0.00127867
          11    0.327437    0.322575  0.00125462
          12    0.321992    0.322527  0.00114633
          13    0.324159    0.322652  0.00106192
          14    0.318288    0.322341  0.00103138
          15    0.332078     0.32299  0.00115903
          16     0.34259    0.324215  0.00163589
          17    0.324961    0.324259  0.00153728
          18    0.332848    0.324736  0.00152589
          19    0.315692     0.32426  0.00151982
          20    0.325592    0.324326  0.00144336
           1    0.317835    0.317835           0
           2     0.31697    0.317403 0.000432669
           3    0.314154     0.31632  0.00111143
           4    0.316205    0.316291 0.000786422
           5    0.321748    0.317382  0.00124984
           6    0.307542    0.315742  0.00193167
           7    0.307656    0.314587  0.00199992
           8    0.313115    0.314403  0.00174173
           9    0.317473    0.314744  0.00157349
          10    0.314029    0.314673  0.00140919
          11    0.318032    0.314978  0.00131073
          12    0.314477    0.314936  0.00119725
          13    0.315462    0.314977  0.00110205
          14    0.314727    0.314959  0.00102046
          15    0.320927    0.315357  0.00102995
          16    0.330063    0.316276  0.00133156
          17    0.314664    0.316181  0.00125437
          18    0.324756    0.316658  0.00127497
          19    0.309923    0.316303  0.00125701
          20    0.319278    0.316452  0.00120174
           1    0.313446    0.313446           0
           2    0.311018    0.312232  0.00121394
           3    0.307785     0.31075  0.00163967
           4    0.311596    0.310961  0.00117855
           5    0.312024    0.311174 0.000937306
           6    0.300582    0.309408  0.00192413
           7     0.30483    0.308754  0.00175281
           8    0.310375    0.308957  0.00153144
           9    0.315912     0.30973  0.00155608
          10    0.306377    0.309394  0.00143162
          11    0.306696    0.309149  0.00131798
          12    0.306719    0.308947  0.00122007
          13    0.311463     0.30914  0.00113887
          14    0.305563    0.308885  0.00108491
          15    0.312354    0.309116  0.00103614
          16    0.326537    0.310205  0.00145769
          17    0.306271    0.309973  0.00138868
          18    0.316878    0.310357  0.00136429
          19    0.306765    0.310168  0.00130427
          20    0.313658    0.310342  0.00124958
           1    0.303776    0.303776           0
           2     0.30212    0.302948 0.000828335
           3    0.301528    0.302475 0.000672736
           4    0.307404    0.303707  0.00132097
           5    0.307666    0.304499  0.00129377
           6    0.295992    0.303081  0.00176807
           7    0.297934    0.302346  0.00166543
           8    0.300406    0.302103  0.00146253
           9    0.303978    0.302312  0.00130655
          10    0.301998     0.30228  0.00116904
          11    0.298454    0.301932  0.00111317
          12    0.298841    0.301675  0.00104833
          13    0.307544    0.302126  0.00106476
          14    0.300512    0.302011 0.000992498
          15    0.304938    0.302206 0.000944345
          16    0.318009    0.303194  0.00132507
          17     0.30009    0.303011    0.001258
          18    0.311291    0.303471  0.00127213
          19    0.301269    0.303355  0.00120888
          20    0.301476    0.303261  0.00115069
           1    0.297098    0.297098           0
           2    0.293687    0.295393  0.00170529
           3    0.294865    0.295217  0.00100013
           4    0.296913    0.295641 0.000824553
           5    0.304859    0.297484  0.00195114
           6    0.292355     0.29663  0.00180799
           7    0.287659    0.295348  0.00199428
           8     0.29756    0.295624  0.00174908
           9    0.295527    0.295614  0.00154259
          10    0.293669    0.295419  0.00139337
          11    0.292636    0.295166   0.0012855
          12    0.294249     0.29509  0.00117598
          13    0.298851    0.295379  0.00111977
          14    0.295809     0.29541  0.00103716
          15    0.295537    0.295418 0.000965582
          16    0.311237    0.296407  0.00133912
          17    0.298956    0.296557  0.00126679
          18    0.302502    0.296887  0.00123917
          19    0.296462    0.296865  0.00117235
          20    0.294198    0.296731  0.00112015
           1    0.293243    0.293243           0
           2    0.290498     0.29187  0.00137246
           3     0.29039    0.291377 0.000933363
           4    0.287156    0.290322  0.00124461
           5    0.295928    0.291443  0.00147869
           6    0.284646     0.29031  0.00165562
           7    0.283713    0.289368  0.00168703
           8    0.289815    0.289423  0.00146208
           9    0.289035     0.28938  0.00129015
          10    0.284864    0.288929  0.00123918
          11    0.283069    0.288396  0.00124103
          12    0.283435    0.287982  0.00120598
          13    0.291952    0.288288   0.0011506
          14    0.285124    0.288062  0.00108895
          15    0.287351    0.288014  0.00101487
          16    0.299257    0.288717  0.00118106
          17     0.29458    0.289062  0.00116178
          18    0.293119    0.289287  0.00111828
          19    0.290792    0.289366  0.00106075
          20    0.290105    0.289403  0.00100699
           1    0.286362    0.286362           0
           2     0.28567    0.286016 0.000345856
           3    0.284163    0.285398 0.000649084
           4    0.279427    0.283905  0.00156187
           5    0.288192    0.284763  0.00148274
           6    0.275461    0.283212  0.00196693
           7    0.276529    0.282258  0.00191706
           8     0.28319    0.282374   0.0016643
           9    0.280791    0.282198  0.00147828
          10    0.277816     0.28176  0.00139295
          11    0.276031    0.281239  0.00136336
          12    0.280207    0.281153  0.00124754
          13    0.286382    0.281555  0.00121602
          14    0.276959    0.281227  0.00117271
          15    0.278299    0.281032  0.00110905
          16     0.29328    0.281797  0.00128926
          17    0.288432    0.282188  0.00127238
          18    0.286967    0.282453  0.00122864
          19    0.285568    0.282617  0.00117368
          20    0.282203    0.282596  0.00111365
           1    0.281155    0.281155           0
           2    0.280658    0.280906 0.000248622
           3    0.278146    0.279986 0.000931201
           4    0.271724    0.277921    0.002168
           5    0.283287    0.278994  0.00199303
           6    0.270847    0.277636  0.00211945
           7    0.268242    0.276294  0.00223818
           8    0.274614    0.276084  0.00194966
           9    0.274605     0.27592  0.00172728
          10     0.27001    0.275329  0.00165411
          11    0.268331    0.274693  0.00162583
          12    0.272735     0.27453  0.00149311
          13    0.279862     0.27494  0.00143341
          14    0.266899    0.274365  0.00144605
          15    0.269784     0.27406  0.00138041
          16     0.28593    0.274802  0.00148919
          17    0.282155    0.275234   0.0014642
          18    0.280724    0.275539  0.00141375
          19    0.279211    0.275733  0.00135117
          20    0.274257    0.275659  0.00128395
           1    0.272489    0.272489           0
           2    0.271715    0.272102 0.000387247
           3    0.269511    0.271238 0.000892232
           4    0.269578    0.270823 0.000755259
           5    0.277689    0.272196  0.00149266
           6    0.265849    0.271139  0.00161379
           7    0.265224    0.270294  0.00160441
           8    0.267502    0.269945  0.00143263
           9    0.268063    0.269736  0.00128063
          10    0.262797    0.269042   0.0013392
          11    0.264509     0.26863  0.00127952
          12    0.267854    0.268565  0.00116983
          13    0.277377    0.269243   0.0012718
          14     0.26235     0.26875  0.00127626
          15     0.26685    0.268624  0.00119487
          16    0.278537    0.269243  0.00127795
          17     0.27243    0.269431  0.00121497
          18    0.272681    0.269611  0.00115963
          19    0.268461    0.269551  0.00109857
          20    0.267299    0.269438  0.00104826
           1    0.268043    0.268043           0
           2     0.26709    0.267567 0.000476529
           3    0.263534    0.266222   0.0013722
           4    0.263668    0.265584  0.00116161
           5    0.268983    0.266263  0.00112773
           6    0.259124    0.265074  0.00150455
           7    0.256251    0.263813  0.00179039
           8    0.260235    0.263366  0.00161376
           9    0.258723     0.26285   0.0015138
          10    0.256098    0.262175  0.00151302
          11    0.253965    0.261428  0.00155887
          12    0.262885     0.26155  0.00142821
          13    0.274739    0.262564  0.00165989
          14    0.255417    0.262054  0.00161934
          15    0.260734    0.261966  0.00151009
          16    0.273596    0.262693  0.00158861
          17    0.267186    0.262957  0.00151547
          18    0.268138    0.263245   0.0014575
          19     0.26307    0.263236  0.00137869
          20    0.259507    0.263049  0.00132116
           1    0.260286    0.260286           0
           2    0.260377    0.260332 4.56226e-05
           3    0.257144    0.259269  0.00106299
           4    0.256553     0.25859  0.00101293
           5    0.260879    0.259048 0.000908427
           6    0.253613    0.258142  0.00117074
           7    0.250898    0.257107  0.00143176
           8    0.255917    0.256958  0.00124884
           9    0.252183    0.256428  0.00122252
          10    0.249414    0.255726  0.00129906
          11    0.249263    0.255139  0.00131379
          12    0.258795    0.255444  0.00123741
          13    0.269178      0.2565    0.001553
          14    0.250033    0.256038  0.00151017
          15    0.255175    0.255981  0.00140707
          16    0.266446    0.256635  0.00146975
          17    0.259987    0.256832   0.0013946
          18    0.262723    0.257159  0.00135496
          19    0.255724    0.257084  0.00128389
          20    0.252541    0.256856    0.001239
           1    0.251123    0.251123           0
           2    0.254381    0.252752  0.00162861
           3      0.2527    0.252735 0.000940433
           4    0.251629    0.252458 0.000720193
           5    0.253732    0.252713 0.000613313
           6    0.245102    0.251445  0.00136377
           7    0.243501     0.25031  0.00161749
           8    0.248609    0.250097  0.00141682
           9    0.246645    0.249714  0.00130707
          10    0.245505    0.249293  0.00124253
          11    0.241122     0.24855   0.0013472
          12    0.254597    0.249054  0.00132904
          13    0.258431    0.249775  0.00141946
          14    0.242994    0.249291  0.00140058
          15    0.249902    0.249332   0.0013045
          16    0.260156    0.250008  0.00139525
          17    0.255885    0.250354  0.00135543
          18     0.25134    0.250409  0.00127909
          19    0.247897    0.250276   0.0012171
          20    0.248505    0.250188  0.00115803
           1     0.25049     0.25049           0
           2    0.246113    0.248301  0.00218832
           3    0.245992    0.247532  0.00147944
           4     0.24677    0.247341  0.00106331
           5    0.247395    0.247352 0.000823708
           6    0.239534    0.246049  0.00146634
           7    0.236226    0.244646  0.00187221
           8    0.241628    0.244268  0.00166469
           9    0.240325     0.24383  0.00153212
          10    0.237927     0.24324  0.00149212
          11    0.234645    0.242459  0.00155951
          12    0.249859    0.243075  0.00155146
          13     0.25174    0.243742  0.00157512
          14    0.236938    0.243256  0.00153711
          15    0.240484    0.243071  0.00144286
          16    0.253621     0.24373  0.00150214
          17    0.246704    0.243905  0.00142182
          18    0.247171    0.244087  0.00135273
          19    0.242323    0.243994  0.00128291
          20    0.242562    0.243922  0.00121918
           1    0.243125    0.243125           0
           2    0.243831    0.243478 0.000352828
           3    0.238617    0.241858  0.00163326
           4    0.240563    0.241534   0.0011994
           5    0.239163     0.24106  0.00104305
           6    0.235198    0.240083  0.00129613
           7    0.230354    0.238693  0.00176962
           8    0.233656    0.238063  0.00165681
           9      0.2345    0.237667  0.00151388
          10    0.232404    0.237141  0.00145276
          11    0.231741     0.23665  0.00140277
          12     0.24352    0.237223   0.0014027
          13    0.244517    0.237784  0.00140702
          14    0.229777    0.237212  0.00142266
          15    0.234809    0.237052  0.00133408
          16    0.248244    0.237751   0.0014306
          17    0.240202    0.237895  0.00135152
          18    0.241589    0.238101  0.00129064
          19    0.236686    0.238026   0.0012231
          20    0.237978    0.238024  0.00116033
           1    0.237664    0.237664           0
           2     0.23879    0.238227 0.000563157
           3    0.233992    0.236815  0.00144869
           4    0.235334    0.236445  0.00108922
           5    0.234438    0.236044  0.00093433
           6     0.22891    0.234855  0.00141269
           7    0.225168    0.233471  0.00182767
           8    0.229588    0.232985  0.00165556
           9    0.228111    0.232444  0.00155728
          10    0.224183    0.231618  0.00161942
          11    0.226652    0.231166  0.00153281
          12    0.237488    0.231693  0.00149514
          13    0.241015     0.23241  0.00155104
          14    0.222716    0.231718  0.00159421
          15    0.229206     0.23155  0.00149354
          16    0.242305    0.232222  0.00155036
          17    0.232867     0.23226   0.0014568
          18    0.235029    0.232414  0.00138207
          19    0.231132    0.232347  0.00130905
          20    0.232417     0.23235  0.00124188
           1      0.2323      0.2323           0
           2    0.234936    0.233618  0.00131803
           3    0.228089    0.231775  0.00199386
           4    0.227745    0.230768  0.00173296
           5    0.227523    0.230119  0.00149096
           6    0.221159    0.228625  0.00192664
           7    0.222593    0.227764  0.00184231
           8    0.225072    0.227427  0.00163057
           9    0.221297    0.226746  0.00159118
          10    0.220251    0.226096  0.00156441
          11    0.221559    0.225684  0.00147396
          12    0.230938    0.226122  0.00141498
          13    0.234574    0.226772  0.00145496
          14    0.217348    0.226099  0.00150585
          15    0.225276    0.226044  0.00140294
          16    0.235293    0.226622    0.001434
          17    0.227346    0.226665  0.00134768
          18     0.22971    0.226834  0.00128182
          19    0.226571     0.22682  0.00121256
          20     0.22919    0.226939  0.00115642
           1     0.22729     0.22729           0
           2    0.228479    0.227885 0.000594653
           3    0.224706    0.226825  0.00111385
           4    0.224176    0.226163  0.00102906
           5    0.223448     0.22562 0.000964412
           6    0.216932    0.224172  0.00164823
           7    0.217037    0.223153   0.0017261
           8    0.218108    0.222522  0.00162242
           9    0.217532    0.221968   0.0015345
          10      0.2165    0.221421  0.00147739
          11    0.217229     0.22104  0.00138962
          12    0.226127    0.221464  0.00133751
          13    0.229303    0.222067  0.00137018
          14    0.212171     0.22136  0.00145218
          15    0.221212     0.22135  0.00135194
          16    0.229781    0.221877  0.00137001
          17    0.223613    0.221979  0.00129094
          18      0.2212    0.221936  0.00121788
          19    0.223852    0.222037  0.00115641
          20    0.223754    0.222123  0.00110042
           1    0.224089    0.224089           0
           2    0.222686    0.223387 0.000701219
           3    0.218731    0.221835  0.00160402
           4     0.21873    0.221059  0.00137449
           5    0.219675    0.220782  0.00110008
           6     0.21269    0.219433  0.00162046
           7    0.212807    0.218487  0.00166485
           8    0.212125    0.217692  0.00164656
           9    0.210911    0.216938  0.00163592
          10    0.211407    0.216385  0.00156426
          11    0.212773    0.216057  0.00145252
          12    0.221804    0.216536  0.00140982
          13    0.222239    0.216974  0.00136904
          14    0.208143    0.216344   0.0014158
          15    0.215694      0.2163  0.00131875
          16    0.224241    0.216797  0.00132967
          17    0.217567    0.216842  0.00124983
          18    0.214577    0.216716  0.00118505
          19    0.218946    0.216833  0.00112707
          20    0.218585    0.216921  0.00107282
           1    0.218126    0.218126           0
           2    0.216793     0.21746 0.000666568
           3    0.213654    0.216191  0.00132586
           4     0.21363    0.215551  0.00113532
           5    0.215274    0.215495 0.000881157
           6    0.206016    0.213916    0.001736
           7    0.206927    0.212917  0.00177461
           8    0.208835    0.212407  0.00161935
           9    0.206256    0.211724  0.00158325
          10    0.207655    0.211317   0.0014734
          11    0.208212    0.211034   0.0013623
          12    0.216765    0.211512  0.00133214
          13    0.216467    0.211893   0.0012833
          14    0.203964    0.211327  0.00131619
          15    0.210729    0.211287  0.00122595
          16    0.219923    0.211827  0.00126746
          17    0.212533    0.211868   0.0011913
          18    0.210655    0.211801  0.00112518
          19    0.214189    0.211927  0.00107171
          20    0.212156    0.211938  0.00101678
           1    0.212497    0.212497           0
           2     0.21211    0.212304  0.00019305
           3    0.210527    0.211711 0.000602599
           4    0.208285    0.210855 0.000956622
           5     0.20915    0.210514 0.000815653
           6    0.201657    0.209038  0.00161937
           7    0.200388    0.207802  0.00184394
           8    0.204315    0.207366  0.00165531
           9    0.200773    0.206634  0.00163334
          10    0.203949    0.206365  0.00148537
          11    0.204987     0.20624   0.0013494
          12    0.210783    0.206619  0.00128869
          13    0.211189     0.20697  0.00123645
          14    0.198148     0.20634  0.00130672
          15    0.208126    0.206459   0.0012223
          16     0.21338    0.206892  0.00122244
          17    0.208755    0.207001   0.0011535
          18    0.207171    0.207011  0.00108757
          19    0.206985    0.207009  0.00102874
          20    0.206572    0.206987 0.000976194
           1    0.206815    0.206815           0
           2    0.207165     0.20699 0.000175207
           3    0.205597    0.206526 0.000475367
           4    0.203624      0.2058 0.000799428
           5    0.205922    0.205825 0.000619714
           6    0.196585    0.204285  0.00162099
           7    0.194483    0.202885  0.00195896
           8     0.20098    0.202647  0.00171313
           9    0.196125    0.201922  0.00167562
          10    0.199042    0.201634  0.00152614
          11    0.200873    0.201565  0.00138218
          12    0.205952     0.20193  0.00131365
          13    0.206277    0.202265  0.00125378
          14    0.194053    0.201678  0.00130056
          15    0.202909     0.20176  0.00121353
          16    0.206859    0.202079  0.00117903
          17    0.202857    0.202125  0.00110845
          18    0.203137    0.202181  0.00104657
          19    0.203271    0.202238 0.000991619
          20    0.202374    0.202245 0.000940757
           1    0.384481    0.384481           0
           2    0.266878     0.32568   0.0588016
           3    0.310131    0.320497   0.0343425
           4    0.335688    0.324294    0.024579
           5    0.346941    0.328824   0.0195701
           6     0.38843    0.338758   0.0188154
           7    0.360369    0.341845   0.0161988
           8    0.327878    0.340099   0.0141368
           9    0.303765    0.336062   0.0131048
          10    0.348909    0.337347   0.0117915
          11    0.313729      0.3352   0.0108798
          12     0.35768    0.337073    0.010107
          13    0.383023    0.340608  0.00994629
          14    0.355871    0.341698  0.00927278
          15    0.302796    0.339105  0.00901365
          16     0.31969    0.337891  0.00851837
          17    0.372656    0.339936   0.0082588
          18    0.281065    0.336666  0.00844547
          19    0.289249     0.33417  0.00836935
          20    0.276212    0.331272  0.00845217
           1    0.364539    0.364539           0
           2    0.309053    0.336796   0.0277428
           3    0.352405    0.341999   0.0168412
           4    0.361538    0.346884   0.0128714
           5    0.392839    0.356075   0.0135602
           6    0.400765    0.363523    0.013344
           7    0.419916    0.371579   0.0138596
           8    0.361323    0.370297   0.0120711
           9    0.358243    0.368958   0.0107296
          10    0.405295    0.372592   0.0102617
          11    0.377892    0.373073  0.00929458
          12    0.397921    0.375144  0.00873376
          13    0.450057    0.380906  0.00988685
          14    0.363902    0.379692  0.00923368
          15    0.364002    0.378646   0.0086595
          16    0.380143    0.378739  0.00810076
          17    0.412104    0.380702  0.00785836
          18     0.38356    0.380861  0.00741063
          19    0.342458     0.37884  0.00729534
          20    0.371271    0.378461  0.00693131
           1    0.388285    0.388285           0
           2    0.389197    0.388741 0.000455776
           3    0.366375    0.381286  0.00745993
           4    0.394701     0.38464   0.0062508
           5    0.426011    0.392914  0.00958685
           6    0.390549     0.39252  0.00783755
           7    0.450284    0.400772   0.0105817
           8    0.380942    0.398293  0.00949335
           9    0.396724    0.398119  0.00837417
          10    0.456565    0.403963  0.00950057
          11     0.37946    0.401736   0.0088776
          12    0.400867    0.401663  0.00810442
          13      0.4199    0.403066  0.00758583
          14    0.397588    0.402675    0.007034
          15    0.398726    0.402412  0.00655359
          16    0.429314    0.404093  0.00635673
          17    0.426639    0.405419  0.00611662
          18    0.387753    0.404438  0.00584973
          19      0.3867    0.403504  0.00561149
          20    0.376107    0.402134  0.00549695
           1    0.418066    0.418066           0
           2    0.430144    0.424105  0.00603884
           3    0.429491      0.4259  0.00392153
           4      0.4278    0.426375  0.00281331
           5    0.411487    0.423398  0.00368981
           6    0.456915    0.428984  0.00634691
           7    0.433786     0.42967  0.00540781
           8    0.411467    0.427395  0.00520678
           9    0.384114    0.422586  0.00664918
          10    0.421549    0.422482  0.00594811
          11    0.457927    0.425704  0.00627141
          12    0.373454     0.42135  0.00719266
          13     0.40769    0.420299  0.00669921
          14    0.395632    0.418537  0.00644768
          15     0.42969    0.419281  0.00604834
          16    0.410678    0.418743   0.0056832
          17    0.437476    0.419845  0.00545098
          18    0.397601    0.418609  0.00528572
          19    0.385524    0.416868  0.00529435
          20    0.402638    0.416157   0.0050728
           1    0.447092    0.447092           0
           2    0.434583    0.440838  0.00625488
           3    0.439126    0.440267  0.00365605
           4     0.43086    0.437915  0.00349484
           5    0.400286    0.430389   0.0079979
           6    0.477999    0.438324   0.0102766
           7    0.446826    0.439539  0.00876982
           8     0.39522    0.433999  0.00940068
           9    0.426255    0.433139  0.00833516
          10    0.425035    0.432328   0.0074991
          11    0.416876    0.430924  0.00692712
          12    0.392557    0.427726  0.00708588
          13    0.447458    0.429244  0.00669245
          14    0.403786    0.427426  0.00645734
          15    0.434897    0.427924  0.00603205
          16    0.379342    0.424887  0.00640757
          17    0.466901    0.427359   0.0065065
          18    0.397383    0.425693  0.00635641
          19    0.407135    0.424717  0.00609139
          20    0.420885    0.424525  0.00578197
           1     0.45328     0.45328           0
           2    0.443582    0.448431  0.00484902
           3    0.429364    0.442075  0.00694477
           4     0.43672    0.440736  0.00508995
           5    0.426964    0.437982  0.00480958
           6    0.480885    0.445132  0.00815794
           7     0.43324    0.443434  0.00710094
           8    0.407841    0.438984  0.00759022
           9    0.452336    0.440468  0.00685636
          10    0.440113    0.440432  0.00613262
          11    0.441314    0.440513  0.00554774
          12    0.451489    0.441427  0.00514632
          13    0.421574      0.4399  0.00497416
          14    0.403232    0.437281  0.00529791
          15    0.438091    0.437335  0.00493238
          16    0.416753    0.436049  0.00478978
          17    0.434768    0.435973  0.00449985
          18     0.44052    0.436226  0.00425001
          19    0.406261    0.434649   0.0043184
          20    0.445245    0.435179  0.00413091
           1    0.436215    0.436215           0
           2    0.407904    0.422059   0.0141556
           3    0.411996    0.418705  0.00883429
           4     0.45778    0.428474   0.0115953
           5    0.369191    0.416617   0.0148744
           6    0.439261    0.420391   0.0127178
           7    0.428518    0.421552    0.010811
           8    0.403253    0.419265  0.00963799
           9    0.468921    0.424782   0.0101336
          10     0.43259    0.425563  0.00909734
          11    0.436341    0.426543  0.00828698
          12    0.389546     0.42346  0.00816906
          13    0.408624    0.422318  0.00760061
          14    0.455028    0.424655  0.00741454
          15    0.405964    0.423409  0.00701413
          16    0.426224    0.423585  0.00656348
          17    0.432381    0.424102  0.00618699
          18    0.441286    0.425057  0.00591076
          19    0.424302    0.425017  0.00559116
          20    0.461213    0.426827  0.00560449
           1    0.427738    0.427738           0
           2    0.431079    0.429409  0.00167072
           3    0.441771     0.43353  0.00423226
           4    0.461451     0.44051  0.00759486
           5    0.403848    0.433178   0.0094007
           6    0.418903    0.430798  0.00803588
           7    0.432908      0.4311  0.00679824
           8    0.433295    0.431374  0.00589384
           9    0.472815    0.435979  0.00694405
          10    0.429336    0.435315  0.00624636
          11     0.43486    0.435273   0.0056502
          12    0.464971    0.437748  0.00572089
          13    0.413246    0.435863  0.00558978
          14    0.459352    0.437541   0.0054403
          15    0.428089    0.436911  0.00510369
          16    0.405119    0.434924  0.00517106
          17    0.419929    0.434042  0.00493681
          18    0.448849    0.434864   0.0047266
          19    0.461998    0.436293  0.00469345
          20     0.47103    0.438029  0.00477938
           1    0.428257    0.428257           0
           2     0.46218    0.445219   0.0169615
           3    0.440497    0.443645  0.00991843
           4    0.495628    0.456641   0.0147675
           5    0.441023    0.453517   0.0118577
           6      0.4218    0.448231   0.0110309
           7    0.457065    0.449493  0.00940783
           8    0.426388    0.446605  0.00864417
           9    0.469332     0.44913  0.00803078
          10    0.440199    0.448237  0.00723827
          11    0.429514    0.446535  0.00676488
          12    0.439567    0.445954   0.0062027
          13    0.442502    0.445689  0.00571183
          14    0.442682    0.445474  0.00529249
          15    0.428365    0.444333  0.00505734
          16    0.402342    0.441709  0.00540993
          17    0.414148    0.440088  0.00533409
          18     0.47056    0.441781  0.00530632
          19     0.43335    0.441337  0.00503885
          20    0.491287    0.443834  0.00539339
           1    0.432341    0.432341           0
           2    0.467214    0.449777   0.0174363
           3    0.436343    0.445299   0.0110179
           4    0.480398    0.454074   0.0117343
           5    0.455998    0.454459  0.00909746
           6    0.423416    0.449285  0.00905232
           7    0.455753    0.450209   0.0077062
           8    0.413422     0.44561  0.00810455
           9     0.41948    0.442707  0.00771473
          10    0.448018    0.443238  0.00692067
          11    0.442608    0.443181  0.00626024
          12    0.430545    0.442128  0.00581099
          13     0.41909    0.440356  0.00563143
          14    0.445499    0.440723  0.00522662
          15    0.425971     0.43974  0.00496412
          16    0.445883    0.440124  0.00465935
          17    0.450404    0.440728  0.00441828
          18    0.450274    0.441259  0.00419922
          19    0.454816    0.441972  0.00403564
          20    0.447006    0.442224  0.00383681
           1    0.439345    0.439345           0
           2    0.460299    0.449822   0.0104766
           3    0.435528    0.445057   0.0076999
           4     0.47549    0.452666   0.0093557
           5    0.441517    0.450436  0.00758214
           6    0.432998     0.44753  0.00683904
           7    0.474375    0.451365  0.00693661
           8    0.427245     0.44835  0.00672139
           9     0.47344    0.451137  0.00655052
          10    0.447219    0.450746  0.00587205
          11    0.459137    0.451509  0.00536598
          12     0.43609    0.450224  0.00506415
          13    0.426513      0.4484  0.00500268
          14    0.435306    0.447464  0.00472507
          15     0.45143    0.447729  0.00440673
          16    0.476995    0.449558  0.00450974
          17    0.450616     0.44962  0.00423662
          18    0.434232    0.448765  0.00408478
          19    0.437428    0.448169  0.00390962
          20    0.447045    0.448112  0.00370942
           1    0.449365    0.449365           0
           2    0.465944    0.457654  0.00828921
           3    0.467438    0.460916  0.00579128
           4    0.464138    0.461721  0.00417357
           5    0.446994    0.458776  0.00437345
           6    0.456623    0.458417  0.00358889
           7    0.468753    0.459894  0.00337349
           8    0.434176    0.456679  0.00434391
           9    0.459252    0.456965  0.00384162
          10    0.454696    0.456738  0.00344353
          11    0.457761    0.456831  0.00311618
          12    0.440199    0.455445  0.00316436
          13    0.422509    0.452911  0.00385896
          14    0.446807    0.452475  0.00359922
          15    0.428562    0.450881  0.00371062
          16    0.469805    0.452064  0.00366695
          17    0.459008    0.452472  0.00346864
          18    0.449911     0.45233  0.00327336
          19     0.44797    0.452101  0.00310478
          20    0.455912    0.452291  0.00295161
           1    0.438747    0.438747           0
           2    0.453987    0.446367  0.00761998
           3    0.451825    0.448186   0.0047608
           4    0.444682     0.44731  0.00347853
           5    0.475281    0.452904  0.00620928
           6    0.448546    0.452178  0.00512164
           7    0.459638    0.453244  0.00445783
           8    0.420462    0.449146   0.0056299
           9    0.446588    0.448862  0.00497324
          10    0.462701    0.450246  0.00465853
          11     0.45802    0.450952  0.00427265
          12    0.414946    0.447952  0.00492098
          13    0.425196    0.446201   0.0048533
          14    0.432813    0.445245  0.00459392
          15    0.440593    0.444935  0.00428794
          16    0.437545    0.444473  0.00403751
          17    0.440475    0.444238  0.00379987
          18    0.446175    0.444346  0.00358416
          19    0.420938    0.443114  0.00360718
          20    0.424972    0.442206  0.00354025
           1    0.436219    0.436219           0
           2    0.453704    0.444962  0.00874237
           3    0.421485    0.437136  0.00931206
           4    0.459766    0.442794  0.00868122
           5    0.444796    0.443194  0.00673636
           6    0.433691     0.44161   0.0057237
           7    0.466123    0.445112  0.00597186
           8     0.42775    0.442942   0.0056087
           9    0.451536    0.443897  0.00503775
          10    0.429302    0.442437  0.00473638
          11    0.432892     0.44157  0.00437121
          12    0.443029    0.441691   0.0039922
          13    0.413381    0.439514  0.00426943
          14    0.429187    0.438776  0.00402096
          15    0.432111    0.438332  0.00376958
          16    0.435364    0.438146    0.003531
          17    0.435261    0.437976  0.00332114
          18    0.445054     0.43837  0.00315579
          19     0.42855    0.437853  0.00302949
          20    0.410132    0.436467  0.00319079
           1    0.420558    0.420558           0
           2    0.450412    0.435485   0.0149272
           3    0.426235    0.432402  0.00915313
           4     0.44914    0.436586  0.00770714
           5    0.459753    0.441219  0.00755698
           6    0.397923    0.434003  0.00949435
           7    0.434241    0.434037  0.00802426
           8    0.419168    0.432179  0.00719348
           9    0.440616    0.433116  0.00641294
          10    0.443247    0.434129  0.00582468
          11    0.452449    0.435795  0.00552556
          12    0.438158    0.435992  0.00504797
          13    0.409967     0.43399   0.0050566
          14    0.413211    0.432505  0.00491115
          15    0.427049    0.432142  0.00458648
          16    0.436276      0.4324  0.00429803
          17    0.437016    0.432672  0.00404642
          18    0.425878    0.432294  0.00383362
          19    0.429505    0.432147  0.00362921
          20    0.427569    0.431919  0.00345058
           1     0.41568     0.41568           0
           2    0.429777    0.422728  0.00704855
           3    0.410318    0.418591  0.00580284
           4    0.448248    0.426006  0.00847375
           5    0.446616    0.430128  0.00775074
           6    0.420487    0.428521  0.00652923
           7    0.430788    0.428845   0.0055277
           8    0.394391    0.424538   0.0064393
           9    0.442461    0.426529  0.00601799
          10    0.433853    0.427262  0.00543225
          11    0.452184    0.429527  0.00541084
          12    0.438907    0.430309  0.00500086
          13    0.410404    0.428778  0.00484824
          14    0.423671    0.428413   0.0045034
          15    0.431266    0.428603  0.00419675
          16    0.422406    0.428216  0.00394476
          17    0.451135    0.429564   0.0039431
          18    0.418574    0.428954  0.00376739
          19    0.424354    0.428712  0.00357181
          20    0.418718    0.428212  0.00342516
           1    0.418211    0.418211           0
           2    0.424697    0.421454  0.00324292
           3    0.414149    0.419019  0.00307155
           4    0.446518    0.425894  0.00720958
           5    0.431124     0.42694  0.00568164
           6    0.394978    0.421613  0.00706388
           7    0.436144    0.423689  0.00632069
           8    0.399833    0.420707  0.00623341
           9    0.418532    0.420465  0.00550267
          10    0.424363    0.420855  0.00493714
          11     0.43655    0.422282  0.00468821
          12    0.398475    0.420298  0.00471718
          13    0.419395    0.420228  0.00433973
          14    0.424267    0.420517  0.00402816
          15    0.401999    0.419282  0.00394798
          16    0.417586    0.419176  0.00369452
          17    0.436011    0.420167  0.00360893
          18    0.431312    0.420786  0.00345841
          19    0.414506    0.420455  0.00328798
          20    0.419918    0.420428  0.00311937
           1    0.424148    0.424148           0
           2    0.423389    0.423769 0.000379696
           3     0.40883    0.418789  0.00498429
           4    0.434678    0.422761  0.00531038
           5    0.413493    0.420908   0.0045118
           6    0.400143    0.417447  0.00505453
           7    0.420599    0.417897  0.00429553
           8    0.401874    0.415894  0.00422495
           9    0.408477     0.41507  0.00381611
          10      0.4226    0.415823   0.0034953
          11    0.429132    0.417033  0.00338522
          12    0.411408    0.416564  0.00312562
          13    0.413099    0.416298  0.00288748
          14    0.416639    0.416322   0.0026734
          15    0.410206    0.415914  0.00252198
          16    0.400151    0.414929  0.00255655
          17    0.418279    0.415126  0.00240953
          18    0.410515     0.41487  0.00228613
          19    0.411876    0.414712  0.00216819
          20    0.408207    0.414387  0.00208249
           1     0.41003     0.41003           0
           2    0.428598    0.419314  0.00928402
           3     0.39573    0.411452  0.00951465
           4    0.432182    0.416635  0.00849242
           5    0.418142    0.416936   0.0065851
           6     0.40273    0.414569  0.00587493
           7    0.415174    0.414655  0.00496598
           8    0.397553    0.412517  0.00480267
           9    0.401246    0.411265  0.00441684
          10    0.414667    0.411605  0.00396516
          11    0.420449    0.412409  0.00367562
          12    0.399844    0.411362  0.00351496
          13      0.3991    0.410419  0.00336808
          14    0.418594    0.411003  0.00317244
          15    0.405965    0.410667  0.00297241
          16    0.415254    0.410954  0.00279518
          17    0.411417    0.410981  0.00262576
          18    0.425666    0.411797  0.00260656
          19    0.408259     0.41161  0.00247258
          20    0.411212    0.411591  0.00234578
           1    0.405392    0.405392           0
           2    0.411968     0.40868  0.00328801
           3    0.388034    0.401798  0.00713904
           4    0.409881    0.403819  0.00543755
           5    0.407038    0.404463  0.00426085
           6    0.389831    0.402024  0.00424851
           7    0.424264    0.405201  0.00479444
           8    0.394654    0.403883  0.00435639
           9    0.401924    0.403665  0.00384814
          10    0.417691    0.405068  0.00371669
          11    0.422039    0.406611  0.00369899
          12    0.405246    0.406497  0.00337862
          13    0.386179    0.404934  0.00347873
          14    0.407466    0.405115  0.00322575
          15    0.402514    0.404941  0.00300801
          16     0.41144    0.405348   0.0028429
          17    0.414613    0.405893  0.00272549
          18    0.403489    0.405759  0.00257308
          19    0.403136    0.405621  0.00243781
          20    0.400294    0.405355  0.00232799
           1    0.391086    0.391086           0
           2     0.40578    0.398433  0.00734718
           3    0.376947    0.391271  0.00832392
           4    0.411183    0.396249  0.00770868
           5    0.402615    0.397522  0.00610538
           6    0.395115    0.397121  0.00500114
           7     0.40234    0.397866  0.00429198
           8    0.383005    0.396009  0.00415533
           9     0.39298    0.395672  0.00368007
          10    0.396611    0.395766  0.00329289
          11     0.40538     0.39664  0.00310412
          12    0.399385    0.396869  0.00284288
          13    0.382187     0.39574  0.00284853
          14    0.405145    0.396411  0.00272145
          15    0.401438    0.396746   0.0025556
          16    0.387781    0.396186  0.00245534
          17    0.408848    0.396931  0.00242366
          18    0.390127    0.396553   0.0023161
          19    0.395002    0.396471  0.00219234
          20    0.382541    0.395775  0.00219336
           1       0.384       0.384           0
           2    0.404582    0.394291   0.0102909
           3    0.378236    0.388939  0.00799643
           4    0.396414    0.390808  0.00595511
           5    0.411519     0.39495  0.00619965
           6     0.39878    0.395589  0.00510207
           7    0.384333    0.393981   0.0046021
           8    0.383372    0.392655  0.00420034
           9    0.391673    0.392545  0.00370596
          10    0.378157    0.391107  0.00361351
          11    0.393485    0.391323  0.00327569
          12    0.387049    0.390967  0.00301142
          13    0.388553    0.390781  0.00277632
          14    0.386912    0.390505  0.00258519
          15    0.386405    0.390231  0.00242215
          16    0.391479    0.390309  0.00226705
          17     0.39127    0.390366  0.00213028
          18    0.387413    0.390202  0.00201513
          19    0.379879    0.389658  0.00198205
          20    0.375995    0.388975  0.00200059
           1    0.387781    0.387781           0
           2    0.394349    0.391065  0.00328375
           3    0.383232    0.388454  0.00322678
           4    0.399691    0.391263  0.00361918
           5    0.396593    0.392329  0.00299923
           6    0.390469    0.392019  0.00246841
           7    0.382651    0.390681  0.00247858
           8    0.376905    0.388959  0.00275189
           9    0.384673    0.388483   0.0024732
          10    0.377227    0.387357  0.00248198
          11    0.378522    0.386554  0.00238438
          12    0.381867    0.386163  0.00221139
          13    0.374857    0.385294  0.00221231
          14    0.376447    0.384662  0.00214347
          15    0.379519    0.384319   0.0020247
          16    0.387372     0.38451  0.00190352
          17    0.377668    0.384107  0.00183278
          18    0.389796    0.384423  0.00175663
          19    0.373649    0.383856  0.00175571
          20    0.363391    0.382833  0.00195481
           1    0.366919    0.366919           0
           2    0.386294    0.376607  0.00968758
           3    0.361191    0.371468  0.00759527
           4    0.382622    0.374257  0.00605138
           5    0.379534    0.375312  0.00480473
           6    0.382652    0.376535  0.00410936
           7    0.362275    0.374498  0.00402646
           8    0.352798    0.371786  0.00441778
           9    0.376035    0.372258  0.00392462
          10    0.357424    0.370774  0.00381086
          11    0.374319    0.371097  0.00346208
          12    0.358427    0.370041  0.00333212
          13    0.370899    0.370107  0.00306582
          14    0.370116    0.370108   0.0028384
          15    0.367189    0.369913  0.00264955
          16     0.37251    0.370075  0.00248374
          17    0.381534    0.370749  0.00242848
          18    0.380305     0.37128  0.00235033
          19    0.371199    0.371276  0.00222319
          20    0.367134    0.371069  0.00211925
           1    0.356772    0.356772           0
           2    0.373615    0.365194  0.00842157
           3    0.364557    0.364982  0.00486683
           4    0.383833    0.369695  0.00583564
           5    0.376583    0.371072  0.00472553
           6    0.362621    0.369664  0.00410742
           7    0.354128    0.367444  0.00412027
           8    0.358458    0.366321  0.00374089
           9    0.357734    0.365367  0.00343435
          10    0.366003     0.36543  0.00307244
          11      0.3544    0.364428  0.00295452
          12     0.35559    0.363691  0.00279583
          13    0.369768    0.364159  0.00261393
          14    0.361458    0.363966   0.0024277
          15     0.36514    0.364044  0.00226142
          16    0.375416    0.364755  0.00223157
          17    0.371578    0.365156  0.00213427
          18    0.376833    0.365805   0.0021142
          19    0.364504    0.365736    0.002001
          20    0.360605     0.36548  0.00191558
           1     0.35445     0.35445           0
           2    0.363523    0.358986  0.00453664
           3    0.356045    0.358006  0.00279669
           4      0.3635    0.359379  0.00240769
           5    0.361674    0.359838   0.0019206
           6    0.353684    0.358813  0.00187377
           7     0.34532    0.356885  0.00249461
           8    0.360606     0.35735  0.00220989
           9    0.365384    0.358243  0.00214365
          10     0.35729    0.358148  0.00191971
          11     0.35342    0.357718  0.00178885
          12    0.353333    0.357352  0.00167337
          13    0.360558    0.357599   0.0015589
          14     0.36255    0.357953  0.00148596
          15    0.353424    0.357651  0.00141591
          16    0.359882     0.35779  0.00133179
          17    0.370529    0.358539  0.00145827
          18    0.360711     0.35866  0.00138015
          19     0.35935    0.358696    0.001306
          20    0.354969     0.35851  0.00125292
           1    0.351303    0.351303           0
           2    0.352271    0.351787 0.000483835
           3    0.345903    0.349826  0.00198119
           4     0.34399    0.348367  0.00202251
           5    0.355424    0.349778  0.00210866
           6    0.334225    0.347186  0.00311188
           7    0.348557    0.347382  0.00263731
           8    0.349756    0.347679  0.00230318
           9    0.347536    0.347663  0.00203127
          10    0.344389    0.347336  0.00184608
          11    0.344125    0.347044  0.00169516
          12    0.345196     0.34689  0.00155511
          13    0.346522    0.346861  0.00143077
          14    0.344094    0.346664  0.00133931
          15    0.349937    0.346882  0.00126578
          16    0.353947    0.347323  0.00126368
          17    0.349264    0.347438   0.0011925
          18    0.349521    0.347553  0.00113024
          19    0.356451    0.348022  0.00116716
          20    0.347924    0.348017  0.00110727
           1    0.335873    0.335873           0
           2    0.345013    0.340443  0.00456996
           3    0.330085     0.33699  0.00434544
           4    0.340331    0.337825  0.00318415
           5    0.345309    0.339322  0.00288506
           6    0.333605    0.338369  0.00254107
           7    0.335549    0.337966  0.00218506
           8    0.339191    0.338119   0.0018985
           9    0.344495    0.338828  0.00181801
          10    0.348053     0.33975  0.00186952
          11     0.34457    0.340188  0.00174689
          12    0.333607     0.33964  0.00168637
          13    0.344282    0.339997   0.0015918
          14    0.347873     0.34056  0.00157745
          15    0.332066    0.339993  0.00157391
          16    0.345756    0.340354  0.00151567
          17    0.346063    0.340689   0.0014628
          18    0.342613    0.340796  0.00138328
          19    0.346391    0.341091  0.00134118
          20    0.340816    0.341077  0.00127242
           1    0.326616    0.326616           0
           2    0.330197    0.328407  0.00179041
           3    0.327876     0.32823  0.00104873
           4    0.344453    0.332286  0.00412304
           5    0.333023    0.332433   0.0031971
           6    0.329661    0.331971  0.00265099
           7    0.330569    0.331771  0.00224943
           8    0.337762     0.33252  0.00208707
           9    0.327998    0.332017  0.00190796
          10    0.337575    0.332573  0.00179474
          11    0.336183    0.332901  0.00165624
          12    0.329076    0.332583  0.00154517
          13    0.336318     0.33287   0.0014501
          14    0.337128    0.333174  0.00137655
          15    0.329224    0.332911  0.00130827
          16    0.336214    0.333117  0.00124107
          17     0.33601    0.333287  0.00117814
          18    0.336963    0.333492  0.00112937
          19    0.330381    0.333328  0.00108074
          20    0.329782    0.333151   0.0010405
           1    0.313693    0.313693           0
           2    0.330232    0.321962  0.00826911
           3    0.324625     0.32285  0.00485599
           4    0.329762    0.324578  0.00384396
           5    0.327139     0.32509  0.00302126
           6    0.318393    0.323974  0.00270762
           7    0.317638    0.323069  0.00246089
           8    0.323794     0.32316  0.00213312
           9    0.321387    0.322963  0.00189152
          10    0.328328    0.323499  0.00177486
          11    0.326574    0.323779  0.00162957
          12    0.323083    0.323721  0.00148872
          13    0.328275    0.324071  0.00141352
          14    0.331652    0.324612  0.00141627
          15    0.321098    0.324378  0.00133913
          16    0.334219    0.324993  0.00139548
          17    0.325173    0.325004  0.00131087
          18    0.317023     0.32456  0.00131302
          19    0.332286    0.324967  0.00130686
          20    0.320897    0.324764  0.00125639
           1    0.308741    0.308741           0
           2     0.31607    0.312405  0.00366462
           3    0.314879     0.31323  0.00227077
           4    0.319416    0.314776   0.0022294
           5    0.319798    0.315781   0.0019977
           6    0.307845    0.314458  0.00209996
           7    0.308277    0.313575  0.00198231
           8    0.316901    0.313991  0.00176635
           9    0.310113     0.31356  0.00161625
          10    0.314888    0.313693  0.00145171
          11    0.321536    0.314406  0.00149423
          12    0.315005    0.314456  0.00136495
          13     0.32238    0.315065  0.00139571
          14    0.321564     0.31553  0.00137302
          15     0.31195    0.315291  0.00130029
          16    0.322151     0.31572  0.00128968
          17    0.324054     0.31621  0.00130687
          18    0.311771    0.315963  0.00125657
          19      0.3145    0.315886  0.00119108
          20    0.314552     0.31582  0.00113193
           1    0.302359    0.302359           0
           2     0.31856     0.31046  0.00810036
           3     0.30166    0.307527  0.00552044
           4    0.315345    0.309481  0.00436556
           5    0.315034    0.310592  0.00355926
           6    0.297269    0.308371  0.00365731
           7    0.302545    0.307539  0.00320109
           8    0.306203    0.307372  0.00277724
           9    0.311968    0.307883  0.00250197
          10    0.313638    0.308458  0.00231064
          11    0.310454     0.30864  0.00209792
          12    0.306143    0.308432   0.0019264
          13    0.305404    0.308199  0.00178727
          14    0.309375    0.308283  0.00165682
          15    0.310368    0.308422  0.00154867
          16    0.318976    0.309081  0.00159175
          17    0.311461    0.309221  0.00150173
          18    0.306635    0.309078  0.00142311
          19      0.3071    0.308974  0.00135015
          20    0.310571    0.309054  0.00128335
           1    0.299209    0.299209           0
           2     0.30591     0.30256  0.00335059
           3    0.293925    0.299682  0.00346773
           4    0.306026    0.301268   0.0029203
           5    0.305562    0.302126  0.00241959
           6    0.291017    0.300275  0.00270759
           7    0.304069    0.300817  0.00235165
           8      0.3001    0.300727  0.00203855
           9    0.303346    0.301018  0.00182123
          10    0.300278    0.300944  0.00163063
          11    0.298939    0.300762  0.00148618
          12    0.294406    0.300232  0.00145641
          13    0.295007     0.29983   0.0013987
          14    0.300755    0.299896  0.00129663
          15    0.301511    0.300004  0.00121189
          16    0.310549    0.300663  0.00131127
          17    0.302721    0.300784  0.00123766
          18    0.295938    0.300515  0.00119753
          19    0.310494     0.30104  0.00124859
          20    0.302636     0.30112   0.0011872
           1    0.290709    0.290709           0
           2    0.300905    0.295807  0.00509797
           3    0.298242    0.296618  0.00305321
           4     0.29902    0.297219  0.00224086
           5    0.299964    0.297768  0.00182053
           6    0.293651    0.297082  0.00163718
           7    0.293283    0.296539  0.00148627
           8    0.297812    0.296698  0.00129694
           9    0.288714    0.295811  0.00144748
          10    0.295946    0.295825  0.00129473
          11    0.292118    0.295488  0.00121864
          12    0.296401    0.295564  0.00111507
          13    0.293966    0.295441  0.00103304
          14    0.302499    0.295945  0.00108115
          15    0.297073     0.29602   0.0010093
          16    0.309272    0.296848  0.00125592
          17    0.297224     0.29687  0.00117994
          18    0.283898     0.29615  0.00132549
          19    0.306748    0.296708  0.00137228
          20    0.297035    0.296724  0.00130196
           1    0.284657    0.284657           0
           2    0.297022    0.290839   0.0061825
           3    0.279091    0.286923  0.00529884
           4    0.291829    0.288149  0.00394243
           5       0.288     0.28812  0.00305394
           6    0.281606    0.287034   0.0027196
           7    0.289046    0.287321  0.00231639
           8    0.288689    0.287492  0.00201333
           9    0.287805    0.287527  0.00177593
          10    0.289381    0.287713  0.00159922
          11    0.289615    0.287886  0.00145685
          12     0.28352    0.287522  0.00137877
          13    0.286594     0.28745  0.00127029
          14    0.289786    0.287617  0.00118784
          15    0.281957     0.28724  0.00116842
          16    0.297422    0.287876  0.00126473
          17    0.288588    0.287918  0.00118875
          18    0.285861    0.287804  0.00112657
          19    0.296378    0.288255  0.00115725
          20    0.288934    0.288289  0.00109838
           1    0.276533    0.276533           0
           2    0.287371    0.281952  0.00541877
           3    0.277758    0.280554   0.0034266
           4    0.283874    0.281384  0.00256116
           5    0.281385    0.281384  0.00198386
           6    0.277243    0.280694  0.00176074
           7     0.28063    0.280685  0.00148812
           8      0.2804    0.280649  0.00128925
           9     0.28204    0.280804  0.00114746
          10    0.283045    0.281028  0.00105051
          11    0.284843    0.281375  0.00101155
          12    0.275312     0.28087  0.00105259
          13    0.284433    0.281144   0.0010063
          14     0.28134    0.281158 0.000931756
          15    0.277799    0.280934 0.000895856
          16    0.285348     0.28121 0.000882244
          17    0.280862    0.281189 0.000828976
          18    0.279566    0.281099 0.000786749
          19    0.286017    0.281358 0.000787912
          20    0.281123    0.281346 0.000747571
           1    0.269337    0.269337           0
           2    0.273427    0.271382  0.00204541
           3    0.274299    0.272354  0.00152961
           4    0.277198    0.273565  0.00162368
           5    0.275302    0.273912  0.00130478
           6    0.269303    0.273144  0.00131342
           7    0.272896    0.273109  0.00111061
           8    0.277211    0.273622  0.00108997
           9    0.271161    0.273348 0.000999373
          10    0.275083    0.273522 0.000910551
          11      0.2731    0.273483 0.000824516
          12    0.270847    0.273264 0.000784089
          13    0.273631    0.273292 0.000721809
          14    0.276001    0.273485 0.000695712
          15    0.276253     0.27367 0.000673438
          16    0.275471    0.273782 0.000639922
          17    0.270158    0.273569 0.000637792
          18    0.275274    0.273664 0.000608727
          19    0.274315    0.273698 0.000576817
          20    0.274868    0.273757 0.000550332
           1     0.26791     0.26791           0
           2    0.270733    0.269322  0.00141137
           3    0.260211    0.266285  0.00314434
           4    0.270966    0.267455  0.00251257
           5     0.27221    0.268406  0.00216617
           6    0.263973    0.267667   0.0019168
           7    0.265139    0.267306  0.00165976
           8    0.267704    0.267356  0.00143825
           9    0.264012    0.266984  0.00132172
          10    0.269678    0.267254  0.00121249
          11    0.271497    0.267639  0.00116259
          12    0.272364    0.268033  0.00113198
          13    0.264889    0.267791  0.00106899
          14    0.267028    0.267737 0.000991198
          15    0.268123    0.267763 0.000923114
          16    0.273988    0.268152 0.000947111
          17    0.270589    0.268295 0.000901137
          18    0.265446    0.268137 0.000864215
          19    0.268636    0.268163 0.000817887
          20    0.263868    0.267948 0.000805086
           1     0.26229     0.26229           0
           2     0.26378    0.263035 0.000744845
           3    0.258216    0.261429  0.00166292
           4    0.262704    0.261748  0.00121828
           5    0.265604    0.262519  0.00121883
           6    0.257347    0.261657  0.00131661
           7    0.258661    0.261229  0.00119222
           8    0.260047    0.261081  0.00104301
           9    0.261019    0.261074 0.000919878
          10    0.258203    0.260787 0.000871431
          11    0.263614    0.261044 0.000829082
          12    0.265522    0.261417 0.000843835
          13    0.258237    0.261173 0.000813856
          14    0.260772    0.261144 0.000754028
          15    0.260797    0.261121 0.000702343
          16    0.264973    0.261362 0.000699704
          17    0.267912    0.261747 0.000761873
          18    0.264644    0.261908 0.000736114
          19    0.263913    0.262013 0.000704247
          20    0.256682    0.261747 0.000719317
           1     0.25612     0.25612           0
           2    0.253706    0.254913  0.00120715
           3    0.252419    0.254082   0.0010848
           4    0.257842    0.255022  0.00121338
           5    0.255892    0.255196  0.00095584
           6     0.25334    0.254887 0.000839475
           7    0.251861    0.254454 0.000830746
           8    0.251231    0.254051 0.000824608
           9    0.248707    0.253458 0.000938913
          10    0.249703    0.253082 0.000919918
          11    0.260435    0.253751  0.00106735
          12    0.258546     0.25415  0.00105312
          13    0.253581    0.254106 0.000969717
          14    0.251952    0.253953 0.000910873
          15    0.257891    0.254215 0.000887688
          16    0.256478    0.254357 0.000842319
          17    0.257329    0.254531 0.000810308
          18    0.246993    0.254113 0.000871227
          19     0.25501     0.25416 0.000825451
          20    0.252423    0.254073 0.000787895
           1    0.248422    0.248422           0
           2     0.25212    0.250271  0.00184899
           3    0.247376    0.249306  0.00143903
           4    0.248127    0.249011  0.00105937
           5    0.251828    0.249574 0.000995447
           6    0.240151    0.248004  0.00176835
           7    0.245863    0.247698   0.0015255
           8    0.243742    0.247204  0.00141064
           9    0.248113    0.247305  0.00124817
          10    0.246982    0.247272  0.00111686
          11    0.249002     0.24743   0.0010224
          12    0.249951     0.24764 0.000956688
          13    0.243106    0.247291 0.000946604
          14    0.242949    0.246981 0.000929644
          15    0.254755    0.247499  0.00100875
          16    0.248993    0.247593 0.000948206
          17    0.247432    0.247583 0.000890734
          18    0.244202    0.247395 0.000860537
          19      0.2483    0.247443 0.000815377
          20    0.248212    0.247481  0.00077449
           1    0.240655    0.240655           0
           2    0.243272    0.241964  0.00130877
           3    0.240683    0.241537 0.000867868
           4    0.241159    0.241442   0.0006209
           5    0.251084    0.243371  0.00198751
           6     0.24019    0.242841  0.00170717
           7    0.239317    0.242337   0.0015281
           8    0.238802    0.241895   0.0013952
           9    0.239066    0.241581  0.00126998
          10    0.242518    0.241675  0.00113976
          11    0.245316    0.242006  0.00108281
          12    0.242709    0.242064 0.000990201
          13    0.238657    0.241802 0.000947818
          14    0.238787    0.241587 0.000903554
          15    0.248507    0.242048 0.000959359
          16    0.241617    0.242021 0.000897802
          17    0.242792    0.242067 0.000844556
          18    0.237636     0.24182 0.000833425
          19    0.241452    0.241801  0.00078858
          20    0.241335    0.241778 0.000748476
           1    0.238196    0.238196           0
           2    0.235806    0.237001  0.00119504
           3    0.234924    0.236309 0.000977333
           4    0.234252    0.235794 0.000861369
           5    0.243416    0.237319  0.00166399
           6    0.236926    0.237253  0.00136022
           7    0.234812    0.236905  0.00120133
           8    0.232734    0.236383  0.00116369
           9    0.236805     0.23643  0.00102735
          10    0.235919    0.236379 0.000920309
          11    0.239609    0.236673 0.000882727
          12     0.23562    0.236585 0.000810574
          13    0.237415    0.236649 0.000748346
          14     0.24052    0.236925 0.000745975
          15    0.240603     0.23717 0.000736472
          16    0.238601     0.23726 0.000694687
          17    0.233892    0.237062 0.000681957
          18    0.236128     0.23701 0.000645044
          19    0.238264    0.237076  0.00061371
          20    0.238599    0.237152 0.000587174
           1    0.233618    0.233618           0
           2    0.237116    0.235367  0.00174903
           3    0.228724    0.233152  0.00243355
           4    0.229564    0.232255  0.00194055
           5    0.238357    0.233476  0.00193618
           6    0.233197    0.233429  0.00158157
           7    0.226961    0.232505  0.00162501
           8    0.226643    0.231773  0.00158663
           9    0.234766    0.232105  0.00143825
          10    0.230565    0.231951   0.0012956
          11    0.229836    0.231759  0.00118758
          12    0.228978    0.231527   0.0011086
          13    0.236429    0.231904  0.00108725
          14    0.230469    0.231802   0.0010118
          15     0.23553     0.23205 0.000974187
          16      0.2315    0.232016 0.000911918
          17    0.230869    0.231948 0.000859251
          18    0.227669    0.231711  0.00084428
          19    0.230326    0.231638 0.000801929
          20    0.233213    0.231716 0.000764842
           1    0.226641    0.226641           0
           2    0.228729    0.227685  0.00104422
           3    0.224686    0.226685  0.00116732
           4    0.223648    0.225926  0.00112162
           5    0.233175    0.227376  0.00169029
           6    0.224865    0.226957  0.00144217
           7    0.225361    0.226729     0.00124
           8    0.217535     0.22558  0.00157287
           9    0.232049    0.226299  0.00156231
          10    0.227678    0.226437  0.00140417
          11    0.223192    0.226142  0.00130393
          12    0.227172    0.226228  0.00119341
          13    0.225921    0.226204  0.00109803
          14    0.224839    0.226107  0.00102124
          15    0.227636    0.226209 0.000956177
          16    0.225374    0.226156 0.000895941
          17    0.227874    0.226257 0.000847635
          18    0.228332    0.226373 0.000807424
          19    0.222461    0.226167 0.000791014
          20    0.226951    0.226206 0.000751445
           1    0.223068    0.223068           0
           2    0.222318    0.222693 0.000374997
           3    0.221198    0.222195 0.000543189
           4    0.217928    0.221128  0.00113358
           5    0.223009    0.221504 0.000955302
           6    0.220059    0.221263  0.00081635
           7    0.219482    0.221009 0.000735367
           8    0.214786    0.220231  0.00100531
           9     0.22528    0.220792   0.0010492
          10    0.217507    0.220464 0.000994263
          11    0.217541    0.220198 0.000937767
          12     0.22023    0.220201 0.000856064
          13     0.22546    0.220605 0.000885309
          14    0.223189     0.22079 0.000840164
          15    0.221118    0.220812 0.000782457
          16    0.221425     0.22085 0.000732925
          17    0.220677     0.22084 0.000688538
          18    0.225634    0.221106 0.000701666
          19    0.219851     0.22104 0.000666991
          20    0.221272    0.221052  0.00063287
           1    0.220646    0.220646           0
           2    0.219099    0.219872 0.000773708
           3    0.218962    0.219569 0.000539982
           4    0.215892     0.21865 0.000995312
           5    0.221301     0.21918  0.00093567
           6    0.215445    0.218557 0.000985435
           7    0.217362    0.218387 0.000850163
           8    0.206765    0.216934  0.00162869
           9    0.218992    0.217163  0.00145446
          10    0.214564    0.216903  0.00132661
          11    0.210072    0.216282  0.00135114
          12    0.215654    0.216229  0.00123452
          13    0.223953    0.216824  0.00128161
          14    0.213793    0.216607  0.00120613
          15    0.213045     0.21637  0.00114769
          16    0.216812    0.216397  0.00107392
          17    0.215313    0.216333  0.00101079
          18     0.21613    0.216322 0.000953046
          19    0.213388    0.216168  0.00091462
          20    0.220955    0.216407  0.00090009
           1    0.216536    0.216536           0
           2    0.214882    0.215709 0.000826637
           3    0.218684    0.216701  0.00110066
           4    0.210263    0.215091   0.0017877
           5    0.215353    0.215144  0.00138574
           6    0.215589    0.215218  0.00113389
           7    0.211393    0.214671  0.00110318
           8    0.200804    0.212938  0.00197931
           9    0.211048    0.212728  0.00175817
          10    0.212309    0.212686  0.00157311
          11    0.207964    0.212257  0.00148627
          12    0.206865    0.211808  0.00142923
          13    0.214616    0.212024  0.00133233
          14     0.21253     0.21206  0.00123403
          15    0.209304    0.211876  0.00116341
          16    0.211817    0.211872  0.00108828
          17    0.207349    0.211606  0.00105632
          18    0.216181     0.21186  0.00102782
          19    0.210678    0.211798 0.000974214
          20    0.218191    0.212118 0.000977941
           1    0.208596    0.208596           0
           2    0.206716    0.207656 0.000940128
           3    0.212702    0.209338  0.00176735
           4    0.207672    0.208921   0.0013173
           5    0.214141    0.209965  0.00145973
           6    0.206392     0.20937  0.00133236
           7    0.204104    0.208618   0.0013542
           8    0.199889    0.207526  0.00160181
           9     0.20258    0.206977  0.00151581
          10    0.206906     0.20697   0.0013558
          11    0.205404    0.206827   0.0012346
          12    0.204012    0.206593  0.00115119
          13    0.206728    0.206603  0.00105899
          14    0.208464    0.206736 0.000989406
          15    0.207735    0.206803 0.000923489
          16     0.21027    0.207019 0.000890618
          17    0.204991      0.2069 0.000845057
          18    0.212439    0.207208 0.000854078
          19    0.207976    0.207248 0.000808888
          20     0.20788     0.20728 0.000768028
           1    0.204617    0.204617           0
           2    0.204043     0.20433 0.000286894
           3    0.211595    0.206752   0.0024273
           4    0.200023     0.20507  0.00240329
           5    0.206038    0.205263  0.00187164
           6    0.202309    0.204771  0.00160557
           7    0.199395    0.204003  0.00155918
           8    0.198193    0.203277  0.00153319
           9    0.204969    0.203465  0.00136515
          10    0.200778    0.203196  0.00125023
          11     0.20032    0.202935  0.00116071
          12    0.196497    0.202398  0.00118764
          13    0.200939    0.202286  0.00109822
          14    0.200924    0.202189   0.0010214
          15    0.202734    0.202225  0.00095157
          16    0.206223    0.202475 0.000924512
          17    0.197713    0.202195 0.000912482
          18    0.202539    0.202214 0.000860509
          19    0.202189    0.202213 0.000813961
          20    0.199913    0.202098 0.000780706
