           1     69.8806     69.8806           0
           2     68.5034      69.192      0.6886
           3     72.4112     70.2651     1.14432
           4     69.5397     70.0837    0.829229
           5      75.875      71.242     1.32443
           6     68.4667     70.7794     1.17616
           7     77.8508     71.7896     1.41726
           8     75.0432     72.1963     1.29301
           9     66.3288     71.5444     1.31353
          10     72.7783     71.6678     1.18132
          11     68.1953     71.3521      1.1142
          12     82.9219     72.3162     1.40147
          13     81.4008      73.015     1.46638
          14     77.2013     73.3141     1.39015
          15      79.594     73.7327     1.36019
          16     88.9457     74.6835     1.58836
          17     83.8061     75.2202     1.58558
          18      65.426      74.676     1.59084
          19     85.2777      75.234     1.60491
          20     77.4618     75.3454     1.52662
           1     62.8832     62.8832           0
           2     60.0237     61.4534     1.42971
           3     62.7789     61.8953    0.936242
           4     64.3564     62.5105    0.903799
           5     65.6114     63.1307    0.935264
           6       62.16     62.9689    0.780591
           7     50.7982     61.2302     1.85963
           8     69.9998     62.3264     1.94816
           9     57.3662     61.7753     1.80435
          10     61.0076     61.6985     1.61568
          11      46.465     60.3137     2.01337
          12     71.2187     61.2224     2.05034
          13     74.7197     62.2607     2.15293
          14     69.4843     62.7766     2.05892
          15     64.0787     62.8635     1.91872
          16     70.3705     63.3326     1.85511
          17      65.736      63.474      1.7483
          18     59.6179     63.2598     1.66218
          19     70.4725     63.6394     1.61744
          20      63.852       63.65     1.53448
           1      51.468      51.468           0
           2      53.183     52.3255    0.857486
           3     61.4176     55.3562     3.07088
           4     48.8506     53.7298     2.71299
           5     55.1712     54.0181     2.12116
           6     47.3975     52.9147     2.05356
           7     43.7755     51.6091     2.17182
           8     59.0684     52.5415     2.09928
           9     54.9283     52.8067     1.87029
          10      50.462     52.5722     1.68919
          11     43.4335     51.7414     1.73919
          12     64.9501     52.8422      1.9319
          13     62.0278     53.5487     1.91241
          14     56.2012     53.7382     1.78066
          15     50.1636     53.4999     1.67474
          16     51.8221      53.395     1.57009
          17     59.8603     53.7753     1.52308
          18     58.2637     54.0247     1.45747
          19     60.8808     54.3855     1.42507
          20     55.1775     54.4251     1.35252
           1     50.1173     50.1173           0
           2     50.7392     50.4282    0.310969
           3     52.4097     51.0887    0.684468
           4     40.1071     48.3433     2.78774
           5     49.2529     48.5252     2.16702
           6     42.7444     47.5618     2.01468
           7     38.9161     46.3267     2.10349
           8     47.3135       46.45     1.82585
           9     47.3629     46.5515     1.61344
          10     36.5368       45.55     1.75656
          11     39.9236     45.0385     1.66917
          12     54.0991     45.7936     1.70055
          13     55.3302     46.5271     1.72775
          14     43.8999     46.3395     1.61055
          15     42.6241     46.0918     1.51967
          16     41.3958     45.7983      1.4515
          17     49.8831     46.0386     1.38446
          18     50.8113     46.3037     1.33194
          19     48.1991     46.4035     1.26383
          20     47.1686     46.4417     1.19959
           1     40.5135     40.5135           0
           2     40.7688     40.6412    0.127645
           3     43.1753     41.4859    0.847938
           4      35.986     40.1109     1.50001
           5     38.3455     39.7578     1.21437
           6     38.0056     39.4658     1.03364
           7     33.4101     38.6007     1.22945
           8     37.7007     38.4882     1.07067
           9     42.6285     38.9482     1.05034
          10     38.5023     38.9036    0.940511
          11     37.0127     38.7317    0.867919
          12     42.8929     39.0785    0.864859
          13     42.2784     39.3246    0.832763
          14     38.5009     39.2658    0.773231
          15     35.9726     39.0463    0.752574
          16     34.6983     38.7745    0.754598
          17     38.4287     38.7542    0.709113
          18     35.3806     38.5667    0.694333
          19     39.4249     38.6119    0.658324
          20      46.689     39.0158    0.743741
           1      31.719      31.719           0
           2     32.3124     32.0157    0.296702
           3     38.2717     34.1011     2.09236
           4     31.2596     33.3907     1.64122
           5     31.9904     33.1107     1.30176
           6      33.997     33.2584      1.0731
           7     30.3094     32.8371     1.00001
           8     33.3018     32.8952    0.867978
           9     28.4171     32.3976     0.91298
          10     32.6468     32.4225    0.816974
          11     33.0032     32.4753    0.740863
          12      37.961     32.9325    0.816316
          13     32.4803     32.8977    0.751707
          14     27.0873     32.4827      0.8103
          15     29.1624     32.2613    0.786154
          16     32.5767      32.281    0.735644
          17     34.3197     32.4009    0.701346
          18     39.5026     32.7955    0.769993
          19     29.7916     32.6374    0.745302
          20     37.2493      32.868    0.743708
           1     30.1204     30.1204           0
           2     29.1341     29.6273    0.493129
           3      33.211     30.8218     1.22803
           4      23.971     29.1091     1.92026
           5     24.8782     28.2629     1.71128
           6     27.1301     28.0741     1.40995
           7      24.921     27.6237     1.27392
           8     29.7208     27.8858     1.13397
           9     24.2414     27.4809     1.07894
          10     31.4075     27.8735     1.04186
          11     24.9144     27.6045    0.980042
          12     34.2042     28.1545     1.05018
          13     24.7706     27.8942     1.00048
          14     24.0731     27.6213    0.965638
          15     26.7278     27.5617    0.900931
          16     24.4651     27.3682    0.864682
          17     26.6105     27.3236    0.813449
          18     32.8413     27.6301    0.825919
          19     24.1723     27.4481    0.802159
          20     33.5944     27.7555    0.820704
           1     25.4386     25.4386           0
           2     20.6251     23.0319     2.40674
           3     25.9349     23.9995     1.69327
           4      20.223     23.0554     1.52478
           5     23.6657     23.1775     1.18738
           6     21.2107     22.8497     1.02341
           7     22.6068      22.815    0.865636
           8      25.818     23.1904    0.838391
           9     20.4314     22.8838    0.800421
          10     23.7916     22.9746    0.721651
          11     22.4893     22.9305    0.654247
          12     28.1199     23.3629    0.737371
          13     20.1768     23.1178    0.721202
          14      20.864     22.9568    0.686838
          15     23.2318     22.9752    0.639674
          16     20.2063     22.8021    0.622882
          17     21.7911     22.7427     0.58811
          18      29.374     23.1111    0.665708
          19     21.3742     23.0196    0.636297
          20     26.9803     23.2177    0.635298
           1     23.3768     23.3768           0
           2     19.0212      21.199     2.17781
           3      20.879     21.0923     1.26188
           4     21.7582     21.2588    0.907677
           5     23.3195      21.671    0.814978
           6     19.8535      21.368     0.73113
           7     18.6759     20.9834    0.727828
           8     22.5878      21.184    0.661451
           9     18.2489     20.8579    0.668316
          10     20.4671     20.8188    0.599036
          11     21.0108     20.8362     0.54213
          12     22.2869     20.9571    0.509446
          13     19.4232     20.8391    0.483248
          14     18.6867     20.6854    0.473081
          15     21.0919     20.7125    0.441247
          16     17.4644     20.5095    0.459971
          17     20.4291     20.5048    0.432093
          18     25.0575     20.7577    0.479512
          19     17.2295      20.572    0.490114
          20     18.8538     20.4861    0.472833
           1     20.3132     20.3132           0
           2     17.0927      18.703     1.61024
           3      16.297      17.901      1.2278
           4     14.8699     17.1432     1.15238
           5     18.6356     17.4417    0.941208
           6     16.9243     17.3554    0.773317
           7     17.2937     17.3466    0.653631
           8      18.421     17.4809    0.581775
           9     17.2923       17.46    0.513506
          10     16.9843     17.4124     0.46175
          11     18.9252     17.5499    0.439728
          12     19.0306     17.6733    0.419951
          13      15.474     17.5041    0.421719
          14     16.5079      17.433    0.396868
          15     18.8929     17.5303    0.382069
          16     16.4031     17.4599     0.36427
          17     17.2426     17.4471    0.342411
          18     19.0904     17.5384    0.335489
          19     14.6616      17.387    0.351611
          20     17.0239     17.3688    0.334061
           1     17.2546     17.2546           0
           2     14.1321     15.6934     1.56125
           3     14.0528     15.1465      1.0543
           4     13.7153     14.7887    0.826925
           5     15.8756     15.0061    0.676413
           6     14.6987     14.9549     0.55466
           7     14.3421     14.8673    0.476875
           8     15.3453     14.9271    0.417285
           9     13.7776     14.7994    0.389542
          10     15.0604     14.8255    0.349393
          11     15.9305     14.9259    0.331619
          12     17.6022     15.1489    0.376008
          13     14.6216     15.1084    0.348248
          14     13.5257     14.9953    0.341661
          15     17.4989     15.1622    0.359201
          16     13.7427     15.0735    0.347519
          17     16.2647     15.1436    0.333873
          18     15.4084     15.1583    0.315122
          19     12.9734     15.0433    0.319488
          20     15.9882     15.0905    0.306753
           1     14.8909     14.8909           0
           2     13.0281     13.9595    0.931441
           3     12.3521     13.4237    0.759136
           4     12.1394     13.1026    0.625489
           5     14.7764     13.4374    0.588904
           6      13.794     13.4968    0.484498
           7     13.2486     13.4613    0.411008
           8      13.032     13.4077    0.359966
           9     12.6312     13.3214    0.328974
          10     13.4882     13.3381    0.294716
          11     14.5944     13.4523    0.290015
          12     13.6852     13.4717    0.265457
          13     11.9491     13.3546    0.270821
          14     12.8091     13.3156    0.253741
          15     13.8202     13.3493    0.238603
          16     13.8365     13.3797    0.225261
          17     12.1077     13.3049    0.224435
          18       13.83     13.3341    0.213601
          19     11.4921     13.2371      0.2241
          20     13.4411     13.2473    0.212844
           1     11.8383     11.8383           0
           2     12.1575     11.9979    0.159619
           3     10.5712     11.5223    0.484413
           4     11.4477     11.5037    0.343038
           5     12.7121     11.7454     0.35919
           6     11.0131     11.6233    0.317658
           7     11.2228     11.5661      0.2745
           8     12.0634     11.6283    0.245717
           9     11.4752     11.6112    0.217368
          10     10.9865     11.5488    0.204211
          11     12.6343     11.6475    0.209422
          12     11.6496     11.6476    0.191175
          13     9.84131     11.5087    0.224124
          14     11.3722     11.4989    0.207728
          15     12.2401     11.5484    0.199597
          16     12.0612     11.5804    0.189437
          17     11.3946     11.5695    0.178281
          18     13.2567     11.6632    0.192455
          19     10.4533     11.5995    0.192861
          20     10.5353     11.5463    0.190544
           1     10.5619     10.5619           0
           2     11.0887     10.8253    0.263407
           3     9.70227      10.451    0.404066
           4     10.1899     10.3857    0.293081
           5     11.6509     10.6387    0.339953
           6      9.1425     10.3894    0.373139
           7     9.94571      10.326    0.321666
           8     10.7211     10.3754    0.282916
           9     11.3652     10.4854    0.272673
          10       10.79     10.5158    0.245781
          11     11.6724      10.621    0.245929
          12     9.98058     10.5676    0.230757
          13     9.50635      10.486    0.227422
          14     9.99272     10.4507     0.21348
          15     10.7801     10.4727    0.199948
          16     10.8711     10.4976    0.188684
          17     10.7037     10.5097    0.177652
          18     11.8788     10.5858    0.183953
          19      10.634     10.5883    0.174021
          20     9.98941     10.5584    0.167785
           1      10.108      10.108           0
           2     9.63575     9.87189    0.236139
           3     8.46936     9.40438    0.486984
           4     8.98801     9.30028    0.359738
           5     10.4885     9.53794    0.366231
           6      8.4456     9.35588    0.350087
           7     8.82151     9.27954    0.305567
           8     9.36292     9.28996    0.264834
           9     9.64958     9.32992    0.236955
          10      9.6449     9.36142    0.214266
          11     9.83422      9.4044     0.19852
          12     8.99094     9.36995     0.18447
          13     9.23609     9.35965    0.169999
          14     9.66343     9.38135    0.158878
          15     10.1854     9.43495    0.157322
          16     10.0752     9.47497    0.152504
          17     9.19422     9.45845    0.144201
          18     10.7215     9.52862    0.152995
          19     10.2466     9.56641    0.149571
          20      8.7523     9.52571    0.147619
           1     9.35768     9.35768           0
           2     8.24435     8.80102    0.556665
           3      8.2626     8.62155    0.368106
           4     7.73279     8.39936    0.342227
           5     9.14083     8.54765    0.303747
           6     7.83066     8.42815    0.275296
           7     7.89543     8.35205    0.244798
           8     8.09377     8.31976    0.214446
           9     8.86248     8.38007    0.198504
          10     8.26584     8.36864    0.177914
          11      8.8128     8.40902    0.165918
          12     8.14071     8.38666    0.153103
          13     8.22941     8.37457    0.141353
          14     8.38015     8.37496    0.130868
          15     9.13983     8.42596    0.132072
          16     9.54712     8.49603    0.142031
          17     7.94157     8.46341    0.137344
          18     9.19889     8.50427    0.135783
          19     9.03326     8.53211    0.131421
          20     7.28742     8.46988    0.139346
           1     8.55558     8.55558           0
           2     7.44109     7.99833    0.557245
           3     7.65536     7.88401    0.341434
           4     6.92575     7.64444    0.340118
           5     8.68202     7.85196    0.335367
           6     7.74901      7.8348    0.274363
           7     7.19144     7.74289    0.249429
           8     7.36089     7.69514    0.221227
           9     7.79677     7.70643     0.19543
          10      7.5574     7.69153    0.175432
          11     8.26891     7.74402     0.16714
          12     7.34607     7.71086     0.15614
          13     7.71221     7.71096    0.143628
          14     7.79441     7.71692    0.133107
          15     8.08441     7.74142    0.126315
          16     8.32062     7.77762    0.123577
          17     7.34216     7.75201    0.118873
          18     8.29125     7.78196     0.11601
          19     7.94158     7.79037    0.110055
          20      6.6646     7.73408    0.118614
           1     7.95966     7.95966           0
           2     6.83953      7.3996    0.560063
           3     7.03436     7.27785    0.345513
           4      6.9578     7.19784    0.257083
           5     7.42767      7.2438    0.204372
           6     7.30614     7.25419    0.167192
           7     6.65565     7.16869     0.16516
           8     6.95941     7.14253    0.145405
           9     7.06244     7.13363    0.128544
          10     7.08197     7.12846    0.115089
          11     7.42513     7.15543    0.107539
          12     7.09755     7.15061   0.0982875
          13     7.29907     7.16203   0.0911297
          14     7.02902     7.15253    0.084903
          15     7.04593     7.14542   0.0793592
          16     7.31806     7.15621   0.0750138
          17      6.8565     7.13858   0.0726353
          18     7.40732     7.15351   0.0700897
          19     7.56029     7.17492   0.0696693
          20     6.00401     7.11638   0.0882951
           1     7.38538     7.38538           0
           2     6.24068     6.81303     0.57235
           3       6.809     6.81169    0.330449
           4     6.60654      6.7604    0.239225
           5     6.99208     6.80674    0.191008
           6     7.31705     6.89179    0.177642
           7     6.00342     6.76488    0.196587
           8     6.39388     6.71851    0.176453
           9     6.67338     6.71349    0.155697
          10     6.42555      6.6847    0.142206
          11     6.78268     6.69361    0.128938
          12     6.62352     6.68777    0.117848
          13     6.37296     6.66355    0.111076
          14     6.25686      6.6345    0.106861
          15     6.45038     6.62223    0.100237
          16     6.76641     6.63124   0.0941948
          17     6.41601     6.61858   0.0893818
          18      6.7591     6.62638   0.0846308
          19     6.56892     6.62336   0.0801098
          20     5.82558     6.58347   0.0858309
           1     6.58452     6.58452           0
           2     5.72888      6.1567    0.427821
           3     6.30504     6.20615    0.251903
           4     6.15109     6.19238    0.178653
           5     6.60123     6.27415    0.160737
           6     7.00051     6.39521    0.178549
           7     5.82209     6.31334    0.171682
           8     5.89402     6.26092     0.15765
           9     5.99962     6.23189    0.142033
          10     5.91474     6.20017    0.130937
          11     6.30418     6.20963    0.118814
          12     6.13031     6.20302    0.108663
          13     6.00961     6.18814    0.101056
          14     5.74668     6.15661   0.0987309
          15     5.78317     6.13171   0.0952255
          16      6.0873     6.12894   0.0891185
          17     6.03097     6.12317   0.0839104
          18     6.19423     6.12712   0.0792099
          19     5.91189     6.11579   0.0757766
          20     5.42913     6.08146   0.0796659
           1      6.1077      6.1077           0
           2     5.31005     5.70888    0.398825
           3     6.04441     5.82072    0.255987
           4     5.78449     5.81166    0.181237
           5     5.83816     5.81696    0.140486
           6     6.27984     5.89411    0.138235
           7      5.5306     5.84218    0.127851
           8     5.44417     5.79243    0.121386
           9     5.34933     5.74319    0.117831
          10     5.45145     5.71402    0.109355
          11     5.65207     5.70839   0.0990755
          12     5.94315     5.72795   0.0925348
          13     5.44394      5.7061   0.0878785
          14     5.48495     5.69031   0.0828791
          15     5.21855     5.65886   0.0833199
          16     5.43833     5.64507   0.0791479
          17       5.467      5.6346   0.0750808
          18     5.76893     5.64206   0.0711792
          19     5.26903     5.62243   0.0701329
          20     5.00796     5.59171   0.0732849
           1     5.62212     5.62212           0
           2     4.68411     5.15312    0.469009
           3     5.68214     5.32946     0.32314
           4     5.32981     5.32955    0.228494
           5     5.43891     5.35142    0.178337
           6      5.7197      5.4128     0.15802
           7     5.19465     5.38163    0.137139
           8     5.05689     5.34104    0.125512
           9     5.05565     5.30933    0.115143
          10     5.02135     5.28053    0.106938
          11     5.10068     5.26418   0.0981013
          12     5.28973     5.26631   0.0895791
          13     5.36214     5.27368   0.0827299
          14     5.03121     5.25636   0.0785268
          15     4.84157     5.22871   0.0781597
          16     5.15601     5.22417   0.0732527
          17     4.95764     5.20849   0.0705726
          18     5.40185     5.21923   0.0673981
          19     5.00356     5.20788   0.0647548
          20      4.6514     5.18006   0.0674392
           1     5.06385     5.06385           0
           2     4.53676      4.8003    0.263545
           3     5.34416     4.98159    0.236677
           4     4.90654     4.96283    0.168405
           5     5.14343     4.99895    0.135355
           6     5.18952     5.03071     0.11499
           7     4.88637     5.01009   0.0993479
           8     4.83381     4.98805   0.0888145
           9     4.64178     4.94958   0.0872665
          10     4.73154     4.92778   0.0810416
          11     4.91799     4.92689   0.0733103
          12     4.77242     4.91401   0.0681496
          13     5.06279     4.92546   0.0637245
          14     4.64307     4.90529   0.0623502
          15     4.52909     4.88021   0.0632314
          16     5.04537     4.89053   0.0600415
          17      4.7235      4.8807   0.0572487
          18     5.04618      4.8899   0.0547518
          19     4.88514     4.88965   0.0517907
          20     4.15103     4.85272    0.061465
           1     4.49544     4.49544           0
           2     4.27842     4.38693    0.108511
           3     4.91921     4.56436    0.188163
           4     4.53718     4.55756    0.133225
           5     4.68012     4.58208    0.106067
           6     4.65274     4.59385   0.0874001
           7     4.47396     4.57673   0.0758264
           8     4.60405     4.58014   0.0657563
           9     4.38168     4.55809   0.0620426
          10     4.59587     4.56187    0.055621
          11     4.57829     4.56336   0.0503333
          12     4.48099      4.5565   0.0464577
          13     4.63578     4.56259   0.0431678
          14     4.37357     4.54909   0.0421848
          15     4.30243     4.53265   0.0425757
          16     4.62672     4.53853   0.0402576
          17     4.25246      4.5217   0.0413904
          18      4.6651     4.52967   0.0398281
          19     4.58555     4.53261   0.0377882
          20     4.04791     4.50837   0.0432721
           1     4.09356     4.09356           0
           2      4.0992     4.09638  0.00281967
           3     4.60857     4.26711    0.170738
           4     4.23069       4.258    0.121073
           5     4.33449      4.2733    0.095022
           6     4.26198     4.27142   0.0776081
           7     4.23964     4.26688   0.0657477
           8     4.24098     4.26364   0.0570311
           9     4.16555     4.25274    0.051464
          10     4.32306     4.25977   0.0465649
          11     4.30405      4.2638   0.0423114
          12     4.22744     4.26077   0.0387435
          13     4.35291     4.26785   0.0363369
          14     4.33056     4.27233   0.0339382
          15     4.11942     4.26214   0.0331986
          16     4.34532     4.26734   0.0314867
          17     4.06803     4.25561   0.0318155
          18     4.38746     4.26294   0.0308772
          19      4.3103     4.26543   0.0293131
          20      3.8762     4.24597   0.0339425
           1     3.87004     3.87004           0
           2     3.89247     3.88125   0.0112192
           3     4.28077     4.01443    0.133331
           4     4.00442     4.01193   0.0943123
           5     4.18154     4.04585    0.080546
           6     3.96091     4.03169    0.067272
           7     3.93908     4.01846   0.0583744
           8     3.92362     4.00661   0.0519253
           9     4.04677     4.01107   0.0460107
          10     4.01059     4.01102   0.0411533
          11     3.99406     4.00948   0.0372565
          12       3.934     4.00319   0.0345871
          13     4.04376     4.00631   0.0319682
          14      4.2044     4.02046   0.0328052
          15     4.06375     4.02335    0.030676
          16     4.13505     4.03033   0.0295319
          17     3.77345     4.01522   0.0315889
          18     4.02463     4.01574   0.0297869
          19     4.10881     4.02064   0.0285982
          20     3.53263     3.99624   0.0364889
           1     3.61491     3.61491           0
           2     3.60627     3.61059  0.00432187
           3     3.91294     3.71137    0.100813
           4     3.72565     3.71494    0.071375
           5     3.88709     3.74937   0.0651312
           6     3.76441     3.75188   0.0532385
           7     3.71747     3.74696   0.0452625
           8     3.70356     3.74154   0.0395721
           9     3.82131      3.7504   0.0360073
          10     3.68534      3.7439   0.0328566
          11     3.78268     3.74742   0.0299283
          12     3.78054     3.75018   0.0274598
          13     3.88761     3.76075   0.0273822
          14     3.95702     3.77477   0.0289692
          15     3.84211     3.77926     0.02734
          16     3.91728     3.78789   0.0269898
          17     3.57078     3.77512   0.0283875
          18     3.71207     3.77161   0.0269922
          19     3.82651      3.7745    0.025695
          20     3.31745     3.75165   0.0334134
           1     3.39388     3.39388           0
           2     3.56231     3.47809   0.0842137
           3     3.73769     3.56463   0.0992564
           4     3.54061     3.55862   0.0704412
           5      3.5847     3.56384   0.0548121
           6     3.51122     3.55507   0.0456049
           7     3.51753     3.54971   0.0389144
           8     3.40978     3.53222   0.0379696
           9     3.60945      3.5408   0.0345683
          10     3.48911     3.53563   0.0313479
          11     3.53836     3.53588   0.0283563
          12     3.53111     3.53548   0.0258887
          13     3.55424     3.53692   0.0238579
          14     3.67668     3.54691   0.0242391
          15     3.52685     3.54557    0.022605
          16     3.65703     3.55253   0.0222629
          17     3.35207     3.54074    0.024008
          18      3.4924     3.53806   0.0227937
          19     3.64476     3.54367     0.02228
          20     3.23424      3.5282   0.0261942
           1     3.14819     3.14819           0
           2     3.33982     3.24401   0.0958149
           3     3.46758     3.31853   0.0928111
           4     3.27053     3.30653   0.0667156
           5      3.3472     3.31466    0.052314
           6      3.2037     3.29617   0.0465462
           7     3.33233     3.30133   0.0396764
           8     3.33103     3.30505   0.0345608
           9     3.41332     3.31708    0.032768
          10     3.25254     3.31062   0.0300108
          11     3.35884     3.31501   0.0274974
          12     3.36318     3.31902   0.0254206
          13     3.34476       3.321   0.0234672
          14     3.48875     3.33298   0.0248115
          15     3.42673     3.33923   0.0239288
          16      3.4813     3.34811   0.0240801
          17     3.13602     3.33564   0.0258317
          18     3.40672     3.33958   0.0246724
          19     3.46655     3.34627   0.0242756
          20      3.0524     3.33157   0.0273179
           1     3.02412     3.02412           0
           2     3.15385     3.08898   0.0648642
           3     3.23504     3.13767   0.0614239
           4     3.06669     3.11992   0.0469185
           5     3.14119     3.12418    0.036591
           6     3.02113       3.107   0.0344613
           7     3.16024     3.11461   0.0301017
           8     3.14504     3.11841   0.0263449
           9     3.19713     3.12716    0.024826
          10     3.15365     3.12981   0.0223625
          11     3.18133     3.13449   0.0207629
          12     3.24683     3.14385   0.0211396
          13       3.193     3.14763   0.0198097
          14     3.34028     3.16139   0.0229285
          15     3.24648     3.16707   0.0220862
          16     3.23107     3.17107   0.0210434
          17     2.95641     3.15844   0.0234554
          18     3.25918     3.16404   0.0228112
          19     3.19756      3.1658   0.0216493
          20     2.85975      3.1505   0.0256124
           1     2.93042     2.93042           0
           2     2.94831     2.93937  0.00894286
           3     3.03432     2.97102   0.0320698
           4     2.91544     2.95712   0.0265949
           5     3.01431     2.96856   0.0235623
           6     2.78697      2.9383   0.0358619
           7     2.97419     2.94342   0.0307397
           8     2.96825     2.94653   0.0268016
           9     2.98477     2.95078   0.0240156
          10     3.03305       2.959    0.023002
          11     2.98155     2.96105   0.0209068
          12     3.05863     2.96918   0.0207454
          13     3.08612     2.97818   0.0210967
          14     3.15516     2.99082   0.0232658
          15     3.02682     2.99322   0.0217918
          16     3.13383     3.00201    0.022198
          17     2.84001     2.99248   0.0229258
          18     3.05402      2.9959   0.0218834
          19     2.96604     2.99433   0.0207591
          20     2.75966     2.98259   0.0229243
           1      2.8023      2.8023           0
           2     2.79914     2.80072  0.00158042
           3     2.91557       2.839   0.0382962
           4     2.80853     2.83139   0.0281307
           5     2.79966     2.82504   0.0226951
           6     2.66432     2.79825    0.032571
           7     2.83092     2.80292   0.0279202
           8      2.8521     2.80907   0.0249489
           9     2.81175     2.80937   0.0220049
          10     2.89117     2.81755   0.0213139
          11     2.84267     2.81983    0.019414
          12     2.90898     2.82726   0.0192166
          13     2.97717     2.83879   0.0211057
          14     2.96212      2.8476    0.021434
          15     2.89013     2.85044   0.0201544
          16      3.0039     2.86003   0.0211524
          17     2.69577     2.85037   0.0220942
          18     2.94627     2.85569   0.0215012
          19     2.80044     2.85279   0.0205449
          20     2.66834     2.84356   0.0215625
           1     2.65659     2.65659           0
           2     2.63632     2.64646   0.0101342
           3     2.77812     2.69034   0.0442742
           4      2.7022     2.69331   0.0314466
           5     2.65688     2.68602   0.0254249
           6      2.5427     2.66213   0.0316476
           7     2.67815     2.66442   0.0268448
           8     2.72312     2.67176   0.0243785
           9     2.68279     2.67298   0.0215347
          10     2.80801     2.68649   0.0235224
          11     2.65278     2.68342   0.0214963
          12     2.76608     2.69031   0.0207971
          13     2.81217     2.69968   0.0213037
          14     2.85685     2.71091   0.0226944
          15     2.78702     2.71598   0.0217281
          16       2.812     2.72198   0.0211922
          17     2.57821     2.71353   0.0216287
          18     2.75884     2.71605   0.0205466
          19     2.69195     2.71478   0.0194764
          20      2.5501     2.70654   0.0202285
           1     2.49992     2.49992           0
           2     2.50024     2.50008 0.000161074
           3     2.61489     2.53835   0.0382713
           4     2.50506     2.53003   0.0283126
           5     2.52404     2.52883   0.0219635
           6     2.42592     2.51168   0.0248149
           7     2.57335     2.52049   0.0227478
           8     2.55788     2.52517   0.0202471
           9     2.52534     2.52518   0.0178563
          10     2.65431      2.5381    0.020538
          11       2.578     2.54172   0.0189281
          12     2.60607     2.54709   0.0180919
          13     2.63749     2.55404   0.0180367
          14      2.7005      2.5645    0.019705
          15     2.61483     2.56786   0.0186487
          16     2.63872     2.57229   0.0179976
          17     2.51576     2.56896   0.0172297
          18     2.59783     2.57056   0.0163233
          19     2.60363      2.5723   0.0155381
          20     2.45915     2.56665   0.0157893
           1      2.3312      2.3312           0
           2     2.40569     2.36844   0.0372447
           3     2.49795     2.41161   0.0482268
           4     2.37085     2.40142   0.0355918
           5     2.45802     2.41274   0.0298024
           6     2.30254     2.39437   0.0304873
           7     2.47431     2.40579   0.0281834
           8     2.43825     2.40985   0.0247425
           9     2.39881     2.40862   0.0218553
          10     2.54362     2.42212   0.0237564
          11     2.46703     2.42621   0.0218729
          12     2.43665     2.42708   0.0199861
          13     2.51478     2.43382   0.0195834
          14     2.63035     2.44786   0.0229298
          15     2.47599     2.44974   0.0214287
          16     2.55402     2.45625   0.0210778
          17     2.38625     2.45214   0.0202228
          18     2.43485     2.45118   0.0190904
          19     2.48216     2.45281   0.0181313
          20     2.39385     2.44986   0.0174516
           1     2.23336     2.23336           0
           2     2.36074     2.29705   0.0636929
           3     2.37797     2.32402   0.0456043
           4     2.25124     2.30583   0.0370263
           5     2.42352     2.32937    0.037103
           6     2.22076     2.31127   0.0352899
           7     2.31401     2.31166    0.029828
           8     2.35546     2.31713   0.0264058
           9     2.28632     2.31371   0.0235381
          10     2.45945     2.32828   0.0256053
          11     2.39859     2.33467   0.0240265
          12     2.31743     2.33324   0.0219801
          13     2.39027     2.33762   0.0206892
          14     2.51352     2.35019   0.0229073
          15     2.38796     2.35271   0.0214737
          16     2.40049     2.35569   0.0203076
          17     2.34166     2.35487   0.0190935
          18     2.38508     2.35655   0.0180796
          19     2.40801     2.35925   0.0173148
          20     2.28421      2.3555   0.0168493
           1     2.14216     2.14216           0
           2     2.26531     2.20373   0.0615747
           3      2.2668     2.22475    0.041301
           4     2.18632     2.21515    0.030744
           5     2.32071     2.23626   0.0318253
           6     2.14466     2.22099   0.0301382
           7     2.24995     2.22513   0.0258052
           8     2.21126      2.2234   0.0224152
           9     2.17595     2.21812   0.0204591
          10     2.36362     2.23267   0.0233781
          11     2.26226     2.23536   0.0213166
          12      2.2491     2.23651    0.019493
          13     2.28366     2.24013    0.018294
          14     2.34823     2.24786   0.0186138
          15     2.25789     2.24852   0.0173414
          16     2.26982     2.24986   0.0162759
          17     2.22246     2.24824   0.0153733
          18     2.28637     2.25036    0.014648
          19     2.31573      2.2538   0.0142764
          20     2.18133     2.25018   0.0140202
           1     2.11571     2.11571           0
           2     2.17196     2.14383   0.0281217
           3     2.17136     2.15301   0.0186492
           4     2.11176      2.1427   0.0167401
           5      2.1889     2.15194   0.0159225
           6     2.04288     2.13376   0.0223468
           7     2.17814      2.1401    0.019922
           8     2.11635     2.13713   0.0175066
           9     2.11154     2.13429   0.0156991
          10     2.25799     2.14666   0.0187132
          11     2.14939     2.14691   0.0169286
          12     2.12483     2.14507   0.0155627
          13      2.2012     2.14938   0.0149525
          14     2.20061     2.15304   0.0143188
          15     2.15702     2.15331   0.0133327
          16      2.1027     2.15015   0.0128664
          17     2.11522     2.14809   0.0122593
          18      2.1968      2.1508   0.0118706
          19      2.2104     2.15393   0.0116584
          20     2.12874     2.15267   0.0111316
           1     2.01313     2.01313           0
           2     2.08016     2.04665   0.0335146
           3     2.08884     2.06071    0.023921
           4      2.0709     2.06326   0.0171055
           5     2.14196       2.079   0.0205748
           6     1.95307     2.05801   0.0268836
           7     2.11024     2.06547   0.0239148
           8     2.01201     2.05879   0.0217621
           9     2.02646      2.0552   0.0195257
          10     2.14352     2.06403   0.0195705
          11     2.03404      2.0613   0.0179109
          12     2.03217     2.05888   0.0165296
          13     2.12891     2.06426   0.0161311
          14     2.10774     2.06737    0.015254
          15     2.08834     2.06877   0.0142693
          16     2.03571      2.0667   0.0135067
          17     2.02925      2.0645   0.0128772
          18     2.11561     2.06734   0.0124684
          19     2.14736     2.07155   0.0125234
          20     2.01621     2.06878   0.0121986
           1     1.92844     1.92844           0
           2     2.00642     1.96743   0.0389892
           3     2.00313     1.97933   0.0254628
           4     2.00818     1.98654   0.0193959
           5     2.09013     2.00726   0.0255918
           6     1.84108     1.97956   0.0346947
           7     2.00959     1.98385   0.0296343
           8     1.92687     1.97673   0.0266342
           9     1.94663     1.97339    0.023726
          10     2.04776     1.98082   0.0224866
          11     1.95846     1.97879   0.0204412
          12     1.93821     1.97541   0.0189641
          13     2.05887     1.98183   0.0185884
          14      2.0137     1.98411   0.0173595
          15     1.99258     1.98467   0.0161707
          16     1.98506      1.9847   0.0151263
          17     1.99865     1.98552   0.0142324
          18     2.01922     1.98739   0.0135484
          19     2.06918     1.99169   0.0135193
          20     1.94056     1.98914   0.0130779
           1     1.83813     1.83813           0
           2     1.92912     1.88363   0.0454988
           3     1.89778     1.88835   0.0266893
           4     1.92152     1.89664   0.0206142
           5     1.98888     1.91509   0.0243989
           6     1.77219     1.89127   0.0310499
           7     1.95427     1.90027   0.0277423
           8     1.84664     1.89357   0.0249431
           9     1.82848     1.88634    0.023156
          10     1.97291     1.89499   0.0224479
          11     1.86128     1.89193   0.0205349
          12     1.86007     1.88927   0.0189328
          13     1.97488     1.89586   0.0186191
          14     1.91614     1.89731   0.0172987
          15     1.91156     1.89826   0.0161322
          16     1.85358     1.89546   0.0153465
          17     1.89221     1.89527   0.0144168
          18     1.94912     1.89826   0.0139176
          19      1.9486     1.90091   0.0134286
          20     1.86126     1.89893   0.0128929
           1     1.77228     1.77228           0
           2     1.87015     1.82121   0.0489318
           3     1.82529     1.82257   0.0282835
           4     1.82769     1.82385   0.0200402
           5     1.91367     1.84182   0.0237414
           6     1.75059     1.82661   0.0246357
           7     1.88252      1.8346   0.0223003
           8     1.75479     1.82462   0.0217371
           9     1.74467     1.81574   0.0211287
          10      1.8834     1.82251   0.0200729
          11     1.79114     1.81965   0.0183792
          12     1.76382       1.815    0.017411
          13     1.90017     1.82155   0.0173038
          14     1.84806     1.82345   0.0161317
          15     1.84435     1.82484   0.0150823
          16      1.7703     1.82143   0.0145141
          17     1.81691     1.82116   0.0136362
          18      1.8625     1.82346   0.0130599
          19     1.87151     1.82599   0.0126096
          20     1.78402     1.82389   0.0121452
           1     1.70972     1.70972           0
           2     1.82778     1.76875   0.0590273
           3     1.78529     1.77426   0.0345226
           4     1.74901     1.76795   0.0252144
           5     1.80505     1.77537   0.0208933
           6      1.7086     1.76424   0.0203686
           7     1.78576     1.76732    0.017487
           8     1.69713     1.75854   0.0175021
           9     1.66677     1.74835   0.0184995
          10     1.81547     1.75506   0.0178563
          11     1.73793      1.7535   0.0162265
          12     1.72635     1.75124   0.0149846
          13      1.8014      1.7551   0.0143138
          14     1.75961     1.75542   0.0132559
          15      1.7785     1.75696   0.0124362
          16     1.73376     1.75551    0.011723
          17     1.77989     1.75694   0.0111048
          18     1.76582     1.75744   0.0104813
          19     1.80247     1.75981   0.0101937
          20     1.71341     1.75749   0.0099449
           1     1.65957     1.65957           0
           2     1.76518     1.71238   0.0528045
           3     1.68151     1.70209   0.0321759
           4      1.7224     1.70716   0.0233114
           5      1.7618     1.71809   0.0211059
           6     1.65964     1.70835   0.0197961
           7     1.74513      1.7136   0.0175363
           8     1.62672     1.70274   0.0186704
           9     1.59828     1.69114   0.0201456
          10     1.74215     1.69624    0.018727
          11     1.68273     1.69501   0.0169836
          12     1.67294     1.69317   0.0156125
          13     1.74349     1.69704    0.014874
          14     1.68732     1.69635   0.0137882
          15     1.73346     1.69882   0.0130723
          16     1.67338     1.69723    0.012331
          17     1.71464     1.69825   0.0116281
          18     1.69587     1.69812   0.0109639
          19     1.72139     1.69935   0.0104428
          20     1.66381     1.69757    0.010065
           1      1.5815      1.5815           0
           2     1.70515     1.64333    0.061822
           3     1.65584      1.6475   0.0359358
           4     1.63879     1.64532   0.0255035
           5     1.70387     1.65703   0.0229652
           6     1.58022     1.64423   0.0227042
           7     1.66785      1.6476   0.0194832
           8     1.58855     1.64022    0.018417
           9      1.5549     1.63074   0.0188067
          10     1.66696     1.63436   0.0172067
          11     1.62974     1.63394   0.0155697
          12     1.60685     1.63168   0.0143913
          13     1.67258     1.63483   0.0136067
          14     1.63592     1.63491   0.0125976
          15     1.66746     1.63708   0.0119268
          16     1.61742     1.63585    0.011224
          17      1.6503      1.6367   0.0105773
          18     1.63068     1.63637  0.00997799
          19     1.68347     1.63885  0.00975837
          20     1.62101     1.63795  0.00930047
           1     1.54364     1.54364           0
           2     1.64651     1.59507   0.0514378
           3     1.59448     1.59488   0.0296983
           4     1.56758     1.58805   0.0220811
           5     1.64304     1.59905   0.0203342
           6     1.55412     1.59156    0.018213
           7     1.60641     1.59368   0.0155383
           8     1.52893     1.58559   0.0157036
           9     1.50152     1.57625    0.016705
          10     1.59351     1.57797   0.0150408
          11      1.5851     1.57862   0.0136203
          12     1.54685     1.57597   0.0127123
          13     1.63464     1.58049   0.0125341
          14     1.59363     1.58142   0.0116423
          15     1.61057     1.58337   0.0110112
          16     1.58398     1.58341   0.0103001
          17     1.61687     1.58537   0.0098735
          18     1.59059     1.58566  0.00931332
          19     1.62753     1.58787  0.00908094
          20     1.55389     1.58617  0.00878086
           1     1.50396     1.50396           0
           2      1.5768     1.54038   0.0364213
           3     1.54758     1.54278   0.0211644
           4     1.51611     1.53612   0.0163833
           5     1.58669     1.54623   0.0162288
           6     1.52095     1.54202   0.0139044
           7     1.54711     1.54275   0.0117738
           8     1.46242      1.5327   0.0143105
           9     1.43342     1.52167   0.0167627
          10     1.54691      1.5242    0.015204
          11     1.53025     1.52475   0.0137635
          12     1.47808     1.52086   0.0131525
          13     1.57858      1.5253   0.0128876
          14     1.53631     1.52608   0.0119575
          15     1.54877      1.5276   0.0112341
          16     1.54919     1.52895   0.0105948
          17     1.54202     1.52972   0.0099818
          18     1.54404     1.53051  0.00944451
          19     1.55621     1.53186  0.00903544
          20     1.50316     1.53043  0.00869108
           1     1.44602     1.44602           0
           2     1.53422     1.49012   0.0440963
           3     1.50814     1.49613   0.0261583
           4     1.46976     1.48954   0.0196362
           5      1.5185     1.49533   0.0162757
           6     1.46155      1.4897    0.014432
           7     1.49764     1.49083     0.01225
           8     1.41421     1.48126   0.0142926
           9     1.39094     1.47122   0.0161117
          10     1.49681     1.47378   0.0146361
          11     1.47703     1.47408   0.0132422
          12     1.45139     1.47218   0.0122353
          13     1.51369     1.47538   0.0116989
          14     1.48991     1.47642   0.0108808
          15      1.5024     1.47815   0.0102765
          16     1.47604     1.47802  0.00961373
          17      1.4979     1.47919  0.00910597
          18     1.48468     1.47949  0.00859062
          19     1.50617      1.4809  0.00824629
          20     1.45121     1.47941  0.00796269
           1     1.41577     1.41577           0
           2     1.48726     1.45152   0.0357423
           3     1.44246      1.4485   0.0208553
           4     1.41391     1.43985   0.0170951
           5     1.47093     1.44607    0.014628
           6     1.40457     1.43915   0.0138016
           7     1.45158     1.44093   0.0117989
           8     1.37105     1.43219   0.0134424
           9      1.3506     1.42313   0.0149243
          10     1.45939     1.42675   0.0138324
          11      1.4282     1.42688   0.0125126
          12     1.42063     1.42636   0.0114342
          13     1.47864     1.43038   0.0112606
          14     1.43016     1.43037   0.0104253
          15      1.4448     1.43133  0.00975302
          16     1.42479     1.43092  0.00913226
          17     1.46344     1.43283  0.00878889
          18     1.45047     1.43381    0.008344
          19      1.4576     1.43507   0.0079913
          20     1.42235     1.43443  0.00760783
           1     1.37436     1.37436           0
           2     1.43852     1.40644   0.0320772
           3     1.40383     1.40557   0.0185402
           4     1.37321     1.39748   0.0154051
           5     1.42079     1.40214    0.012811
           6     1.36365     1.39573   0.0122703
           7     1.41181     1.39802   0.0106216
           8     1.33241     1.38982   0.0123244
           9     1.32728     1.38287   0.0129008
          10     1.40379     1.38496   0.0117269
          11     1.38577     1.38504   0.0106076
          12     1.38897     1.38536  0.00968892
          13     1.41495     1.38764  0.00919845
          14     1.37026      1.3864  0.00860614
          15     1.40193     1.38743  0.00807854
          16     1.38292     1.38715  0.00756204
          17     1.41312     1.38868  0.00726574
          18     1.38829     1.38866  0.00685024
          19      1.4084      1.3897  0.00656247
          20     1.38651     1.38954  0.00622774
           1     70.5059     70.5059           0
           2     84.6941        77.6     7.09413
           3     83.4696     79.5565     4.53911
           4     75.5255     78.5488     3.36413
           5     76.2442     78.0878     2.64629
           6     73.6698     77.3515     2.28271
           7     73.6806     76.8271     1.99925
           8      79.652     77.1802     1.76704
           9     82.6761     77.7908     1.67375
          10     76.4331     77.6551     1.50319
          11     77.5049     77.6414     1.35976
          12     77.4706     77.6272     1.24137
          13     76.5029     77.5407     1.14516
          14     70.2744     77.0217     1.18044
          15     81.7532     77.3371      1.1433
          16     80.3856     77.5276      1.0863
          17     76.7941     77.4845     1.02132
          18     84.9053     77.8968     1.04745
          19     81.4706     78.0848     1.00848
          20     85.1053     78.4359     1.01909
           1     63.5982     63.5982           0
           2      73.923     68.7606     5.16239
           3     72.6729     70.0647     3.25333
           4     66.6758     69.2175      2.4515
           5     57.2039     66.8147     3.06251
           6     64.8842      66.493     2.52115
           7     56.6374      65.085      2.5539
           8     70.0603      65.707     2.29752
           9     68.5441     66.0222     2.05059
          10      64.296     65.8496     1.84221
          11     64.4777     65.7249       1.671
          12     64.8151      65.649     1.52729
          13     57.0631     64.9886     1.55241
          14     56.2959     64.3677     1.56563
          15     70.5323     64.7787     1.51436
          16     64.6385     64.7699     1.41658
          17     62.1136     64.6136     1.33979
          18     69.6033     64.8909     1.29322
          19     72.1885     65.2749     1.28215
          20     66.8872     65.3555     1.21902
           1     56.5461     56.5461           0
           2     56.1203     56.3332    0.212886
           3     64.4452     59.0372     2.70682
           4     59.0339     59.0364     1.91401
           5     55.2501     58.2791     1.66478
           6     50.1694     56.9275     1.91691
           7     49.3543     55.8456     1.94811
           8     55.2793     55.7748      1.6886
           9     55.9673     55.7962     1.48936
          10     50.6535     55.2819     1.42795
          11     59.7588     55.6889     1.35423
          12     57.8959     55.8728     1.24984
          13     49.5284     55.3848     1.24898
          14     50.0718     55.0053     1.21702
          15     59.8032     55.3252     1.17727
          16     53.3217     55.1999     1.10833
          17     51.5714     54.9865     1.06275
          18     57.7401     55.1395     1.01358
          19     59.4338     55.3655     0.98503
          20     52.6612     55.2303    0.944214
           1     47.4779     47.4779           0
           2     50.0615     48.7697     1.29178
           3     52.8568     50.1321     1.55314
           4     43.7236     48.5299      1.9424
           5     41.0006     47.0241      2.1287
           6      40.095     45.8692     2.08676
           7     41.9078     45.3033     1.85221
           8      44.945     45.2585     1.60469
           9     41.6673     44.8595     1.47038
          10     41.6199     44.5355     1.35446
          11     45.0782     44.5849     1.22615
          12     46.0244     44.7048     1.12573
          13     41.7563      44.478     1.06006
          14     47.1212     44.6668    0.999425
          15     48.4619     44.9198    0.964199
          16     43.1587     44.8098    0.908618
          17     47.7158     44.9807    0.870448
          18     48.9203     45.1996    0.849351
          19     54.8369     45.7068    0.950127
          20     40.5722     45.4501    0.937218
           1     42.1797     42.1797           0
           2      44.916     43.5478     1.36819
           3     44.0708     43.7222     0.80893
           4     38.5979     42.4411     1.40296
           5     35.4026     41.0334     1.77837
           6     35.9654     40.1887     1.67984
           7      34.441     39.3676     1.64007
           8     35.7088     38.9103     1.49216
           9     39.4079     38.9656     1.31713
          10     37.1283     38.7818     1.19231
          11     33.1896     38.2734     1.19231
          12     38.1824     38.2659     1.08845
          13     38.7486      38.303     1.00192
          14     40.2536     38.4423       0.938
          15     40.0891     38.5521    0.880105
          16     37.3361     38.4761    0.826763
          17     42.0404     38.6858    0.804412
          18     43.8809     38.9744    0.811469
          19     44.8992     39.2862    0.828498
          20     42.7533     39.4596    0.804872
           1      34.664      34.664           0
           2     34.4397     34.5518    0.112178
           3     38.6292      35.911     1.36068
           4      30.129     34.4655     1.73642
           5     31.7178     33.9159     1.45296
           6     35.1763      34.126     1.20479
           7      29.532     33.4697     1.21141
           8     29.5568     32.9806     1.15753
           9     29.7451     32.6211      1.0823
          10     37.0857     33.0676     1.06603
          11     27.9904      32.606     1.06903
          12      36.389     32.9212     1.02554
          13     30.2254     32.7139    0.965887
          14     30.6601     32.5672    0.906191
          15     34.0149     32.6637    0.849121
          16      31.366     32.5826     0.79841
          17     31.8775     32.5411    0.751122
          18     38.2397     32.8577    0.775709
          19     33.2461     32.8781    0.734032
          20     30.7683     32.7726    0.704309
           1     28.7438     28.7438           0
           2     24.4031     26.5735     2.17035
           3     30.4551     27.8673     1.80118
           4     25.3951     27.2493     1.41566
           5     26.3116     27.0618     1.11249
           6     26.9741     27.0471     0.90846
           7     24.5351     26.6883    0.847514
           8     25.2892     26.5134    0.754518
           9     27.3822     26.6099    0.672388
          10     29.1297     26.8619    0.652055
          11     25.6256     26.7495    0.600418
          12     27.7414     26.8322    0.554302
          13     26.1575     26.7803    0.512518
          14     27.7128     26.8469    0.479152
          15     25.7708     26.7751    0.451798
          16     28.2501     26.8673    0.432556
          17      26.677     26.8561    0.406469
          18     33.5679      27.229    0.534692
          19     27.0631     27.2203    0.505844
          20     29.2593     27.3222    0.490596
           1     22.9777     22.9777           0
           2     21.8551     22.4164    0.561285
           3     24.8637     23.2322    0.877765
           4     22.6625     23.0898    0.636801
           5     21.6223     22.7963    0.573973
           6     21.6255     22.6011    0.507646
           7     22.0522     22.5227    0.436146
           8     21.6907     22.4187    0.391769
           9     24.7483     22.6776     0.43171
          10     25.2068     22.9305    0.461594
          11     21.0833     22.7626    0.450033
          12     30.2498     23.3865    0.747043
          13     19.8483     23.1143    0.739114
          14     24.0792     23.1832    0.687749
          15     26.2932     23.3906    0.672992
          16     24.0779     23.4335     0.63099
          17     22.2883     23.3662    0.596528
          18     25.7937      23.501    0.578356
          19     26.7198     23.6704      0.5727
          20     25.1782     23.7458    0.548516
           1     19.5744     19.5744           0
           2     19.9616      19.768    0.193595
           3     21.6525     20.3962    0.638038
           4     19.7069     20.2239     0.48295
           5     20.2106     20.2212    0.374101
           6      18.116     19.8704    0.465199
           7     20.6396     19.9802    0.408233
           8     20.2569     20.0148    0.355227
           9     23.2287     20.3719    0.475037
          10     21.1361     20.4483    0.431704
          11     17.2752     20.1599    0.485483
          12     23.5678     20.4439    0.526371
          13     18.7608     20.3144      0.5012
          14     19.5665      20.261    0.467087
          15     19.2859      20.196    0.439666
          16     20.2337     20.1983    0.411277
          17     17.9072     20.0636    0.409161
          18     20.0291     20.0616    0.385765
          19     18.4804     19.9784    0.374267
          20     22.0011     20.0796    0.369183
           1     18.3668     18.3668           0
           2     18.5388     18.4528   0.0860156
           3     18.6921     18.5326   0.0939489
           4      17.543     18.2852    0.256151
           5      19.089     18.4459    0.255365
           6     16.5601     18.1316     0.37717
           7     18.8217     18.2302    0.333662
           8      17.994     18.2007    0.290464
           9      17.553     18.1287    0.266083
          10     17.7414       18.09    0.241122
          11     17.9273     18.0752    0.218604
          12     18.0736     18.0751    0.199557
          13     16.6932     17.9688    0.212124
          14     18.3553     17.9964     0.19832
          15     15.6412     17.8394    0.242362
          16      18.166     17.8598    0.227626
          17     17.2749     17.8254    0.216568
          18     17.2058      17.791    0.207063
          19     16.8785     17.7429    0.201664
          20     17.8821     17.7499    0.191441
           1      15.633      15.633           0
           2     15.0816     15.3573     0.27567
           3     15.4352     15.3833    0.161264
           4      15.103     15.3132    0.133831
           5     15.3818     15.3269     0.10457
           6     15.2244     15.3098   0.0870751
           7     15.7204     15.3685   0.0941084
           8     16.2292     15.4761    0.134972
           9     15.5457     15.4838    0.119285
          10     16.2319     15.5586    0.130303
          11     15.4664     15.5502    0.118162
          12     17.4022     15.7046    0.188291
          13     14.3799     15.6027    0.200954
          14     14.6392     15.5338    0.198369
          15     15.5075     15.5321    0.184679
          16     17.4446     15.6516    0.210073
          17     15.2067     15.6254    0.199057
          18     14.1121     15.5414    0.205645
          19     14.0949     15.4652    0.208887
          20     15.9514     15.4896    0.199653
           1      12.769      12.769           0
           2     13.2539     13.0114    0.242487
           3     13.4242      13.149    0.196298
           4     13.3785     13.2064    0.150193
           5     12.4653     13.0582    0.188429
           6     14.0015     13.2154    0.219968
           7     13.1406     13.2047    0.186214
           8     13.3517     13.2231    0.162309
           9     13.7704     13.2839    0.155526
          10     13.8909     13.3446    0.151774
          11     14.0471     13.4085    0.151414
          12      13.266     13.3966     0.13873
          13     12.3737     13.3179    0.149921
          14     14.3629     13.3926    0.157599
          15      11.907     13.2935    0.177015
          16     14.2763     13.3549    0.176609
          17      12.938     13.3304    0.167698
          18     12.5004     13.2843    0.164694
          19     14.7872     13.3634    0.174717
          20     14.2775     13.4091    0.171937
           1     11.8571     11.8571           0
           2     12.7061     12.2816    0.424512
           3       11.22     11.9277    0.430463
           4     10.9004     11.6709    0.398259
           5     12.0547     11.7477    0.317894
           6     12.8279     11.9277    0.315893
           7     11.7838     11.9071    0.267769
           8     12.1454     11.9369    0.233799
           9      11.506      11.889    0.211678
          10     13.3295     12.0331    0.237898
          11     12.3698     12.0637    0.217353
          12     12.3501     12.0876    0.199846
          13     11.0521     12.0079    0.200344
          14     12.6171     12.0514    0.190519
          15     10.5519     11.9515    0.203596
          16     11.9315     11.9502    0.190451
          17     10.4912     11.8644    0.198419
          18     12.1504     11.8803    0.187745
          19     12.5685     11.9165    0.181245
          20     11.5666      11.899    0.172832
           1     10.9048     10.9048           0
           2     10.7206     10.8127   0.0920899
           3     10.1126     10.5794    0.239343
           4     11.1309     10.7173    0.218301
           5     10.3055     10.6349    0.188081
           6     10.4769     10.6086    0.155808
           7     10.1555     10.5439    0.146728
           8     11.0058     10.6016    0.139577
           9     12.0092      10.758    0.199029
          10     11.0446     10.7867    0.180309
          11     10.7829     10.7863    0.163096
          12     11.5848     10.8529    0.163077
          13      10.006     10.7877    0.163543
          14     10.6237      10.776    0.151864
          15     10.4197     10.7522     0.14336
          16     10.3533     10.7273    0.136399
          17      11.115     10.7501    0.130139
          18     10.6258     10.7432    0.122891
          19     10.6173     10.7366    0.116432
          20     9.44444      10.672    0.127964
           1     9.62989     9.62989           0
           2     9.25693     9.44341    0.186478
           3     9.73215     9.53966    0.144412
           4     9.18157     9.45013      0.1358
           5     10.2402     9.60814    0.189818
           6     9.30719     9.55798      0.1629
           7     8.86698     9.45927    0.169408
           8     9.34289     9.44472    0.147431
           9     10.3862     9.54933    0.166882
          10     9.44364     9.53876    0.149637
          11     9.91266     9.57275    0.139555
          12     10.1494      9.6208    0.136156
          13     8.78665     9.55664    0.140725
          14     9.70092     9.56694    0.130693
          15     9.57805     9.56769    0.121671
          16     9.92166     9.58981    0.115943
          17     9.97997     9.61276    0.111302
          18     9.50695     9.60688    0.105101
          19     9.78523     9.61627   0.0998574
          20     9.33043     9.60198    0.095805
           1     8.06404     8.06404           0
           2     8.45437      8.2592    0.195162
           3     8.44834     8.32225    0.129115
           4     8.05875     8.25637    0.112583
           5     9.14201      8.4335    0.197432
           6      8.6468     8.46905    0.165076
           7     8.20016     8.43064    0.144706
           8     8.65107     8.45819    0.128312
           9     8.51011     8.46396    0.113308
          10     8.53652     8.47122    0.101605
          11     9.42473      8.5579    0.126335
          12      9.3466     8.62362    0.132741
          13     8.28828     8.59783    0.124799
          14     9.47168     8.66025    0.131324
          15     7.78109     8.60164    0.135579
          16     8.72505     8.60935    0.127057
          17     8.77764     8.61925    0.119759
          18     8.60995     8.61873    0.112911
          19     9.33297     8.65632    0.113225
          20     8.81967     8.66449    0.107725
           1     7.80012     7.80012           0
           2     7.62424     7.71218   0.0879429
           3     8.30358     7.90931    0.203566
           4     8.04071     7.94216    0.147643
           5     7.86426     7.92658    0.115421
           6     7.85238     7.91421   0.0950483
           7     8.32871     7.97343    0.099796
           8     8.08915     7.98789   0.0876281
           9     7.82962     7.97031   0.0792563
          10     7.49069     7.92235   0.0855894
          11     8.24353     7.95155   0.0827415
          12     6.96079     7.86898    0.111901
          13     7.66136     7.85301    0.104165
          14     7.76365     7.84663   0.0966493
          15     6.99566      7.7899    0.106368
          16      8.1601     7.81303    0.102153
          17     7.92496     7.81962   0.0961813
          18     8.34652     7.84889   0.0952882
          19     7.98133     7.85586   0.0904028
          20     8.00939     7.86354   0.0861064
           1     7.04252     7.04252           0
           2     7.27571     7.15912    0.116598
           3     6.82514     7.04779    0.130096
           4     7.15201     7.07385   0.0956104
           5     6.66388     6.99185    0.110488
           6      7.0341     6.99889   0.0904876
           7     7.43134     7.06067   0.0983115
           8     7.49587     7.11507    0.101035
           9     6.96101     7.09795   0.0907342
          10     6.99395     7.08755   0.0818188
          11     7.76711     7.14933   0.0964039
          12     7.75009     7.19939    0.101248
          13     7.17312     7.19737   0.0931563
          14     6.88341     7.17495    0.089114
          15     7.01421     7.16423   0.0836498
          16     7.07636     7.15874   0.0784398
          17     6.68194     7.13069   0.0788389
          18     6.77669     7.11103   0.0768878
          19      6.9169     7.10081   0.0734428
          20     7.62194     7.12686   0.0743869
           1      6.3788      6.3788           0
           2     6.36511     6.37195  0.00684615
           3     6.39114     6.37835  0.00751782
           4     6.72148     6.46413   0.0859485
           5     6.44949      6.4612   0.0666398
           6     6.70101     6.50117   0.0675126
           7     6.45312     6.49431   0.0574701
           8     6.77318     6.52917   0.0607644
           9     6.24306     6.49738   0.0623086
          10     6.69383     6.51702   0.0590917
          11     6.48157      6.5138   0.0535476
          12     6.97361     6.55212   0.0621102
          13     6.58078     6.55432   0.0571756
          14     6.32302      6.5378   0.0554528
          15     6.23498     6.51761   0.0554306
          16     6.47543     6.51498   0.0519175
          17     6.31115     6.50299   0.0502202
          18     6.50169     6.50291   0.0473481
          19     6.43872     6.49954   0.0449141
          20     6.85821     6.51747   0.0462294
           1     5.98803     5.98803           0
           2     6.78704     6.38754    0.399507
           3     5.95263     6.24257     0.27243
           4     6.17633     6.22601    0.193347
           5     6.33628     6.24806    0.151381
           6      5.6847     6.15417    0.155221
           7     6.30622     6.17589    0.132972
           8     6.38991     6.20264    0.118224
           9      5.8063      6.1586    0.113183
          10     6.08767     6.15151    0.101482
          11     5.88714     6.12748   0.0948878
          12     6.13025     6.12771   0.0866206
          13     5.37845     6.07007   0.0983392
          14     6.10772     6.07276   0.0910841
          15     6.05563     6.07162   0.0848024
          16     6.29025     6.08528   0.0804937
          17     6.11152     6.08683   0.0756264
          18     6.24361     6.09554   0.0718313
          19      6.4618     6.11481   0.0706273
          20      6.1944     6.11879    0.067121
           1     5.40786     5.40786           0
           2     6.01247     5.71017    0.302305
           3     5.71573     5.71202    0.174546
           4     5.90135     5.75935    0.132187
           5      5.7282     5.75312    0.102581
           6     5.82404     5.76494   0.0845869
           7     5.40105     5.71296   0.0883919
           8      5.4559     5.68083   0.0830201
           9     5.20977     5.62849   0.0900009
          10     5.44118     5.60975   0.0826497
          11     5.32604     5.58396   0.0790835
          12     5.77569     5.59994   0.0739398
          13     5.36881     5.58216      0.0703
          14     5.80801     5.59829   0.0670547
          15     5.66329     5.60263   0.0625747
          16      5.5753     5.60092   0.0585582
          17     5.50447     5.59524   0.0552977
          18     5.91044     5.61276   0.0549973
          19     5.57764     5.61091    0.052055
          20     5.58289     5.60951   0.0494036
           1     5.07924     5.07924           0
           2      5.5629     5.32107    0.241827
           3     5.14896      5.2637    0.150946
           4     5.05754     5.21216    0.118527
           5     5.42617     5.25496    0.101297
           6     5.21225     5.24784   0.0830146
           7     4.85825     5.19219   0.0895546
           8     5.13733     5.18533   0.0778591
           9     5.18422     5.18521   0.0686654
          10     4.95878     5.16256   0.0654573
          11     5.31645     5.17655   0.0608386
          12     5.20684     5.17908   0.0555951
          13     4.80451     5.15026   0.0586982
          14     5.41059     5.16886   0.0574373
          15     5.27721     5.17608   0.0539569
          16     5.23711      5.1799    0.050616
          17     5.07381     5.17366   0.0479532
          18     5.46831     5.19003   0.0480831
          19     5.40557     5.20137   0.0468755
          20     5.25514     5.20406   0.0445512
           1     5.15294     5.15294           0
           2     5.07698     5.11496   0.0379793
           3     5.00148     5.07713   0.0437234
           4     4.73354     4.99123   0.0912912
           5     4.84229     4.96145   0.0767322
           6     5.04561     4.97547   0.0642029
           7     4.69136     4.93489   0.0677618
           8     4.89889     4.93039   0.0588557
           9     4.57886     4.89133   0.0649602
          10     4.37949     4.84014   0.0774315
          11     4.98478     4.85329    0.071263
          12      5.1717     4.87983    0.070257
          13     4.74663     4.86958   0.0654342
          14     4.74781     4.86088   0.0612015
          15     4.53962     4.83946    0.060868
          16     4.62683     4.82618   0.0584672
          17     4.59597     4.81263   0.0565651
          18     4.90117     4.81755   0.0535564
          19     4.74924     4.81396   0.0507867
          20      5.0231     4.82441   0.0493023
           1     4.50606     4.50606           0
           2     4.65799     4.58203    0.075963
           3     4.24835      4.4708     0.11956
           4     4.49264     4.47626   0.0847179
           5     4.53147      4.4873   0.0665447
           6     4.66237     4.51648   0.0616726
           7     4.89555     4.57063   0.0751619
           8     4.35978     4.54428   0.0702258
           9     4.52822     4.54249   0.0619591
          10     4.58019     4.54626   0.0555459
          11     4.60843     4.55191   0.0505601
          12     4.56299     4.55284    0.046164
          13     4.35728     4.53779   0.0450505
          14     4.80027     4.55654   0.0457286
          15     4.35343       4.543   0.0446728
          16     4.72083     4.55412   0.0432404
          17     4.84358     4.57114   0.0440419
          18     4.42743     4.56316   0.0422837
          19     4.75596     4.57331   0.0412636
          20     4.70414     4.57985   0.0396889
           1     4.29773     4.29773           0
           2     4.47311     4.38542   0.0876918
           3     4.36555      4.3788   0.0510602
           4     4.21642      4.3382    0.054328
           5     4.16715     4.30399   0.0542342
           6     4.47308     4.33217   0.0524889
           7     4.63247     4.37507   0.0617114
           8     4.45025     4.38447   0.0542635
           9     4.01634     4.34357   0.0629545
          10     4.19967     4.32918   0.0581179
          11     4.15281     4.31314   0.0549603
          12     4.20302     4.30397    0.051004
          13     4.32776      4.3058   0.0469525
          14      4.3669     4.31016   0.0436881
          15     3.98525      4.2885   0.0460798
          16     4.35254      4.2925   0.0432891
          17      4.1552     4.28443   0.0414574
          18     4.27279     4.28378   0.0390918
          19     4.26039     4.28255   0.0369976
          20      4.1363     4.27524   0.0358527
           1      3.8912      3.8912           0
           2     4.11688     4.00404    0.112838
           3     4.20156     4.06988   0.0926225
           4     4.03798      4.0619   0.0659778
           5     4.10007     4.06954   0.0516731
           6     3.94861     4.04938   0.0467577
           7     4.00534     4.04309   0.0400153
           8     3.78826     4.01124   0.0470702
           9     3.79561     3.98728   0.0479297
          10     3.98977     3.98753   0.0428703
          11     3.87379     3.97719   0.0401324
          12     4.05931     3.98403   0.0372694
          13     3.94941     3.98137   0.0343862
          14     4.24182     3.99997   0.0368728
          15     3.70221     3.98012   0.0396531
          16     4.14843     3.99064   0.0385548
          17     4.17162     4.00129   0.0377483
          18       3.915     3.99649   0.0359108
          19     3.98091     3.99567   0.0339782
          20     4.15288     4.00353   0.0331791
           1     3.65236     3.65236           0
           2     3.85827     3.75532    0.102953
           3     3.72605     3.74556   0.0602352
           4     3.65406     3.72269   0.0483465
           5     3.67732     3.71361   0.0385325
           6     3.55962     3.68795   0.0406018
           7     3.62043      3.6783   0.0356448
           8     3.58305      3.6664   0.0330859
           9     3.70493     3.67068   0.0294914
          10     3.41014     3.64462   0.0370756
          11     3.71514     3.65103   0.0341433
          12     3.75035     3.65931   0.0322486
          13     3.71058     3.66325   0.0299254
          14      3.6389     3.66151   0.0277601
          15     3.64641     3.66051   0.0258629
          16     3.75903     3.66666   0.0249639
          17     3.52369     3.65825    0.024912
          18     3.69516     3.66031   0.0235766
          19     3.78764     3.66701   0.0232865
          20     3.68143     3.66773   0.0221033
           1     3.45461     3.45461           0
           2     3.47981     3.46721   0.0126015
           3     3.53238     3.48893   0.0229091
           4       3.447     3.47845   0.0192947
           5     3.59257     3.50128   0.0272826
           6     3.56764     3.51234    0.024871
           7     3.41991     3.49913   0.0248225
           8     3.34174     3.47946   0.0291408
           9     3.52898     3.48496   0.0262822
          10      3.3555     3.47202   0.0268367
          11     3.54149     3.47833   0.0250829
          12     3.54493     3.48388   0.0235605
          13     3.36878     3.47503   0.0234113
          14     3.78763     3.49736   0.0311187
          15     3.40545     3.49123   0.0296108
          16     3.45212     3.48879    0.027806
          17     3.45312     3.48669   0.0262033
          18     3.65587     3.49609   0.0264323
          19     3.62638     3.50294   0.0259258
          20     3.52155     3.50387    0.024613
           1     3.27829     3.27829           0
           2       3.232     3.25514   0.0231433
           3     3.34718     3.28582   0.0334612
           4     3.19335      3.2627   0.0330797
           5     3.36784     3.28373   0.0331466
           6     3.41473     3.30556   0.0347728
           7     3.24987     3.29761   0.0304461
           8     3.09607     3.27242   0.0364673
           9      3.3835     3.28476   0.0344482
          10     3.24602     3.28088    0.031054
          11     3.25949     3.27894   0.0281566
          12     3.44425     3.29271   0.0291623
          13     3.31207      3.2942   0.0268667
          14     3.43279      3.3041   0.0267711
          15      3.0902     3.28984   0.0287137
          16     3.44008     3.29923   0.0284532
          17     3.42996     3.30692   0.0278115
          18     3.41516     3.31294   0.0269016
          19     3.34633     3.31469   0.0255069
          20     3.34322     3.31612     0.02424
           1     3.09663     3.09663           0
           2     3.16165     3.12914   0.0325109
           3     3.21566     3.15798   0.0344086
           4     3.05554     3.13237    0.035325
           5     3.21938     3.14977   0.0324271
           6     3.33715       3.181   0.0409429
           7     3.26381     3.19283   0.0365695
           8     3.11909     3.18361   0.0329841
           9     2.99953     3.16316   0.0355602
          10     2.98878     3.14572   0.0362728
          11     3.16505     3.14748    0.032857
          12     3.19212      3.1512   0.0302241
          13     3.20568     3.15539   0.0281161
          14     3.14758     3.15483   0.0260365
          15        3.05     3.14784   0.0252261
          16     3.20492     3.15141    0.023865
          17     3.19414     3.15392   0.0225578
          18     3.05731     3.14856   0.0219345
          19      3.2418     3.15346   0.0213206
          20     3.06415       3.149   0.0207136
           1     3.05466     3.05466           0
           2     2.84945     2.95205    0.102609
           3     2.95315     2.95242   0.0592422
           4     2.95942     2.95417   0.0419271
           5     2.87691     2.93872   0.0359652
           6     2.95885     2.94207   0.0295566
           7     3.08773     2.96288   0.0325108
           8     2.84874     2.94861   0.0315636
           9     2.95272     2.94907   0.0278403
          10     2.69801     2.92396   0.0353605
          11     2.99063     2.93002   0.0325539
          12     3.04146     2.93931   0.0311346
          13     2.94581     2.93981    0.028644
          14     2.90518     2.93734   0.0266343
          15     2.91427      2.9358   0.0248428
          16     3.06418     2.94382   0.0245846
          17     2.80166     2.93546   0.0245608
          18     2.90809     2.93394    0.023206
          19     2.89819     2.93206   0.0220312
          20     2.96639     2.93377    0.020971
           1     2.92511     2.92511           0
           2     2.88357     2.90434   0.0207692
           3     2.77949     2.86272    0.043309
           4     2.80238     2.84764   0.0341384
           5     2.78224     2.83456    0.029501
           6     2.75538     2.82136   0.0274654
           7     2.89489     2.83186   0.0254784
           8     2.77247     2.82444   0.0232805
           9     2.82599     2.82461   0.0205322
          10     2.88734     2.83089   0.0194063
          11     2.84069     2.83178   0.0175763
          12       2.831     2.83171    0.016045
          13     2.82181     2.83095   0.0147789
          14     2.74999     2.82517   0.0148545
          15     2.87394     2.82842   0.0142059
          16     2.88657     2.83205   0.0137765
          17      2.7707     2.82845   0.0134346
          18     2.82881     2.82847   0.0126662
          19     2.91203     2.83286   0.0127628
          20     2.69249     2.82584   0.0139951
           1     2.61477     2.61477           0
           2     2.70969     2.66223   0.0474603
           3     2.70825     2.67757   0.0314019
           4     2.75052     2.69581   0.0287331
           5     2.70441     2.69753   0.0223229
           6     2.58375     2.67856   0.0263022
           7     2.78152     2.69327    0.026655
           8     2.66778     2.69009   0.0233028
           9     2.67923     2.68888   0.0205865
          10     2.75442     2.69543   0.0195447
          11     2.69931     2.69579   0.0176824
          12     2.66288     2.69304    0.016373
          13     2.66005     2.69051   0.0152733
          14     2.82945     2.70043   0.0172754
          15     2.77747     2.70557   0.0168827
          16     2.78533     2.71055   0.0165606
          17     2.58792     2.70334    0.017147
          18     2.56793     2.69581   0.0178309
          19     2.98078     2.71081   0.0225705
          20     2.83979     2.71726   0.0223623
           1     2.59494     2.59494           0
           2     2.61554     2.60524   0.0103007
           3     2.50593     2.57214   0.0336333
           4     2.46601     2.54561   0.0356314
           5     2.68513     2.57351   0.0392479
           6     2.47334     2.55682   0.0361337
           7     2.67923      2.5743    0.035191
           8     2.49437     2.56431   0.0320723
           9     2.55957     2.56378     0.02829
          10     2.52042     2.55945   0.0256722
          11     2.55242     2.55881   0.0232302
          12     2.69995     2.57057   0.0242495
          13     2.47981     2.56359   0.0233734
          14     2.72601     2.57519   0.0245534
          15      2.4895     2.56948    0.023561
          16     2.55815     2.56877   0.0220507
          17      2.4403     2.56121   0.0220486
          18      2.5609      2.5612   0.0207876
          19     2.64021     2.56536   0.0200981
          20     2.63162     2.56867   0.0193524
           1     2.51762     2.51762           0
           2     2.55437     2.53599   0.0183737
           3      2.4149     2.49563   0.0417356
           4     2.35898     2.46147   0.0451434
           5     2.40033     2.44924   0.0370445
           6     2.51033     2.45942   0.0319142
           7     2.48197     2.46264   0.0271641
           8     2.50345     2.46774   0.0240716
           9     2.40352     2.46061   0.0223965
          10      2.5153     2.46608   0.0207653
          11     2.47937     2.46729   0.0188218
          12     2.44217     2.46519   0.0173088
          13     2.45311     2.46426   0.0159489
          14     2.48082     2.46545   0.0148131
          15     2.50516     2.46809   0.0140421
          16     2.60133     2.47642   0.0155522
          17     2.44431     2.47453   0.0147304
          18     2.42433     2.47174   0.0141652
          19     2.40182     2.46806   0.0138952
          20     2.47926     2.46862    0.013194
           1     2.33169     2.33169           0
           2     2.38102     2.35635   0.0246632
           3     2.31796     2.34356    0.019145
           4     2.34513     2.34395   0.0135433
           5     2.35396     2.34595     0.01068
           6     2.36097     2.34845  0.00907236
           7     2.32724     2.34542  0.00824494
           8     2.36269     2.34758  0.00745957
           9     2.31271     2.34371  0.00763512
          10     2.46027     2.35536   0.0135093
          11     2.28391     2.34887   0.0138388
          12     2.41864     2.35468   0.0139067
          13     2.24814     2.34649   0.0151923
          14     2.47386     2.35558   0.0167515
          15      2.2565     2.34898   0.0169361
          16      2.2943     2.34556   0.0162067
          17      2.2105     2.33762   0.0171718
          18     2.36813     2.33931   0.0162783
          19      2.4324     2.34421   0.0161584
          20      2.4186     2.34793   0.0157739
           1     2.34348     2.34348           0
           2     2.25423     2.29886   0.0446228
           3     2.15992     2.25255   0.0529943
           4      2.1679     2.23138    0.043035
           5     2.29245      2.2436   0.0355014
           6      2.2958      2.2523   0.0302645
           7     2.20217     2.24514   0.0265618
           8     2.24365     2.24495    0.023004
           9     2.30934      2.2521   0.0215122
          10      2.2809     2.25498   0.0194553
          11     2.17733     2.24792   0.0189613
          12     2.26206      2.2491   0.0173492
          13     2.21154     2.24621   0.0162183
          14     2.21283     2.24383   0.0152034
          15     2.25609     2.24465   0.0141772
          16      2.2331     2.24392   0.0132812
          17     2.16984     2.23957   0.0132146
          18     2.26896      2.2412   0.0125655
          19     2.21915     2.24004   0.0119423
          20     2.20431     2.23825   0.0114694
           1     2.14968     2.14968           0
           2     2.15138     2.15053 0.000849689
           3     2.13705     2.14604  0.00452028
           4     2.07667      2.1287   0.0176345
           5     2.24085     2.15113   0.0262631
           6     2.19926     2.15915    0.022895
           7     2.16233      2.1596   0.0193551
           8      2.2607     2.17224   0.0209919
           9     2.08997      2.1631   0.0206469
          10     2.18785     2.16558   0.0186322
          11     2.11464     2.16095   0.0174779
          12     2.13639      2.1589   0.0160858
          13     2.17964     2.16049   0.0148825
          14     2.14041     2.15906    0.013853
          15     2.13174     2.15724   0.0130245
          16     2.14298     2.15635   0.0122158
          17     2.20091     2.15897   0.0117704
          18     2.22899     2.16286   0.0117593
          19     2.19951     2.16479   0.0112892
          20     2.10035     2.16157    0.011184
           1     2.12229     2.12229           0
           2     2.13246     2.12738  0.00508537
           3     1.99334      2.0827   0.0447752
           4     2.08641     2.08363   0.0316745
           5     2.01142     2.06919   0.0284696
           6     1.99344     2.05656   0.0264518
           7     1.97774      2.0453   0.0250315
           8     2.03168      2.0436   0.0217447
           9     2.05002     2.04431   0.0191903
          10     2.00809     2.04069   0.0175424
          11     2.12228     2.04811   0.0175156
          12     2.13452     2.05531   0.0175361
          13      2.0278     2.05319    0.016269
          14     2.06836     2.05428   0.0151011
          15      2.0404     2.05335   0.0140888
          16     2.03081     2.05194   0.0132539
          17     1.98449     2.04798   0.0130668
          18     2.05222     2.04821   0.0123218
          19     2.11435     2.05169    0.012164
          20     2.06034     2.05212   0.0115478
           1     1.94252     1.94252           0
           2     1.92067      1.9316   0.0109269
           3     1.92727     1.93015  0.00647172
           4     1.92663     1.92927  0.00466001
           5     2.02552     1.94852   0.0195853
           6     2.02474     1.96123   0.0204228
           7     1.99804     1.96649   0.0180438
           8     1.99868     1.97051   0.0161364
           9     2.07887     1.98255   0.0186408
          10     1.95706        1.98   0.0168665
          11     1.98585     1.98053   0.0152656
          12     1.92066     1.97554   0.0148019
          13     1.90392     1.97003   0.0146881
          14     1.95191     1.96874     0.01366
          15     1.99383     1.97041   0.0128264
          16     1.92783     1.96775   0.0122896
          17     1.97558     1.96821   0.0115533
          18     1.94524     1.96694   0.0109671
          19      1.9045     1.96365   0.0108818
          20     1.95389     1.96316   0.0103349
           1     1.83791     1.83791           0
           2     1.94871     1.89331   0.0553976
           3     1.90391     1.89684   0.0321783
           4     1.86534     1.88896   0.0240781
           5     1.87272     1.88572   0.0189315
           6     1.91598     1.89076   0.0162595
           7     1.90475     1.89276   0.0138863
           8     1.88013     1.89118    0.012129
           9     1.97194     1.90015   0.0139621
          10     1.85936     1.89607   0.0131373
          11     1.87089     1.89378   0.0121017
          12     1.80331     1.88625    0.013375
          13     1.81773     1.88097   0.0133845
          14     1.90874     1.88296   0.0125493
          15     1.92113      1.8855   0.0119568
          16     1.85973     1.88389      0.0113
          17     1.90315     1.88503   0.0106748
          18     1.87671     1.88456   0.0100748
          19     1.84656     1.88256  0.00973744
          20     1.92692     1.88478  0.00950023
           1     1.84011     1.84011           0
           2      1.7725     1.80631   0.0338058
           3     1.88655     1.83305   0.0331116
           4     1.77103     1.81755   0.0280818
           5      1.8098       1.816   0.0218072
           6     1.77383     1.80897   0.0191423
           7     1.78751      1.8059   0.0164662
           8     1.79786      1.8049   0.0142956
           9     1.83708     1.80847   0.0131047
          10     1.87206     1.81483   0.0133348
          11     1.84361     1.81745   0.0123422
          12     1.81804      1.8175    0.011267
          13     1.78912     1.81532   0.0105915
          14     1.89102     1.82072   0.0111979
          15     1.95057     1.82938   0.0135503
          16     1.78525     1.82662   0.0129717
          17     1.90616      1.8313   0.0130523
          18     1.85307     1.83251   0.0123651
          19     1.84746      1.8333   0.0117226
          20     1.86675     1.83497   0.0112461
           1      1.7466      1.7466           0
           2     1.75861     1.75261  0.00600455
           3     1.72934     1.74485  0.00849695
           4     1.69005     1.73115    0.014961
           5     1.75604     1.73613   0.0126124
           6     1.84349     1.75402   0.0206456
           7     1.83154      1.7651   0.0206663
           8     1.73673     1.76155   0.0182455
           9     1.79601     1.76538   0.0165404
          10     1.71366     1.76021    0.015672
          11     1.76579     1.76071   0.0141849
          12     1.67276     1.75339   0.0148795
          13     1.71883     1.75073   0.0139429
          14     1.79844     1.75414    0.013351
          15     1.78935     1.75648   0.0126489
          16     1.76935     1.75729   0.0118593
          17     1.73615     1.75604    0.011209
          18     1.75661     1.75608    0.010568
          19     1.77585     1.75712   0.0100504
          20     1.74694     1.75661  0.00954817
           1     1.69928     1.69928           0
           2     1.72412      1.7117   0.0124201
           3     1.70897     1.71079   0.0072283
           4     1.69638     1.70719  0.00625259
           5     1.68898     1.70355  0.00605926
           6       1.722     1.70662  0.00582513
           7     1.74337     1.71187  0.00719737
           8     1.74271     1.71573  0.00732888
           9     1.76138      1.7208  0.00821598
          10     1.75067     1.72379  0.00793256
          11     1.63162     1.71541   0.0110313
          12     1.64346     1.70941   0.0117198
          13     1.66034     1.70564   0.0114223
          14      1.7496     1.70878   0.0110313
          15     1.72582     1.70991   0.0103323
          16     1.70474     1.70959  0.00967036
          17     1.74687     1.71178  0.00934465
          18     1.62494     1.70696   0.0100447
          19     1.65672     1.70432  0.00986234
          20     1.68199      1.7032  0.00942257
           1     1.57733     1.57733           0
           2     1.71459     1.64596    0.068633
           3     1.59718      1.6297   0.0428314
           4     1.60075     1.62246   0.0311393
           5     1.67424     1.63282   0.0262492
           6     1.63886     1.63382    0.021456
           7     1.66952     1.63892    0.018837
           8     1.63139     1.63798   0.0163405
           9       1.678     1.64243   0.0150812
          10     1.69465     1.64765   0.0144646
          11     1.61817     1.64497   0.0133555
          12     1.68224     1.64808   0.0125812
          13     1.61051     1.64519   0.0119285
          14     1.64402      1.6451   0.0110439
          15     1.67812      1.6473   0.0105144
          16      1.6265       1.646  0.00992088
          17     1.62913     1.64501  0.00937176
          18     1.64149     1.64482  0.00883794
          19     1.62778     1.64392  0.00840777
          20     1.61597     1.64252  0.00809778
           1     1.60291     1.60291           0
           2      1.6606     1.63176   0.0288454
           3     1.62065     1.62805   0.0170602
           4     1.56503      1.6123   0.0198432
           5     1.56225     1.60229   0.0183423
           6     1.64112     1.60876   0.0163151
           7     1.61851     1.61016    0.013859
           8     1.58612     1.60715   0.0123725
           9     1.55889     1.60179    0.012158
          10     1.63706     1.60532   0.0114321
          11     1.61319     1.60603   0.0103655
          12     1.55293     1.60161    0.010446
          13     1.58429     1.60027  0.00970074
          14     1.54148     1.59608  0.00991443
          15     1.64264     1.59918  0.00973793
          16     1.56951     1.59733  0.00929579
          17     1.66529     1.60132  0.00960356
          18     1.59806     1.60114  0.00905613
          19     1.55232     1.59857  0.00894341
          20     1.60819     1.59905  0.00849806
           1     1.59297     1.59297           0
           2     1.54819     1.57058   0.0223936
           3     1.59184     1.57767   0.0147434
           4     1.50421      1.5593   0.0211173
           5     1.49513     1.54647   0.0207913
           6     1.54136     1.54562   0.0169973
           7     1.58523     1.55128   0.0154399
           8     1.50212     1.54513   0.0147155
           9       1.556     1.54634    0.013034
          10     1.55323     1.54703   0.0116783
          11     1.47504     1.54048   0.0124262
          12     1.51961     1.53874   0.0114761
          13     1.60533     1.54387   0.0117334
          14     1.57964     1.54642   0.0111595
          15     1.54612      1.5464   0.0103889
          16     1.52991     1.54537  0.00977245
          17     1.54992     1.54564  0.00918352
          18     1.52776     1.54464  0.00871507
          19     1.52758     1.54375   0.0082924
          20     1.50394     1.54176  0.00811473
           1     1.56658     1.56658           0
           2     1.51427     1.54042   0.0261571
           3     1.49721     1.52602   0.0208707
           4      1.4952     1.51831   0.0166473
           5     1.48436     1.51152   0.0145742
           6      1.4626     1.50337   0.0144255
           7     1.48995     1.50145   0.0123416
           8     1.49223      1.5003   0.0107502
           9     1.50418     1.50073  0.00949059
          10     1.48821     1.49948  0.00858041
          11     1.47597     1.49734   0.0080501
          12     1.48477     1.49629  0.00742303
          13     1.51078     1.49741  0.00691855
          14     1.49167       1.497  0.00641842
          15     1.53655     1.49963  0.00653112
          16     1.53216     1.50167  0.00643862
          17     1.49712      1.5014  0.00605395
          18     1.51972     1.50242  0.00579775
          19      1.5377     1.50427  0.00578993
          20     1.57363     1.50774  0.00649597
           1     1.48102     1.48102           0
           2     1.44266     1.46184   0.0191773
           3     1.40951      1.4444     0.02066
           4     1.44453     1.44443   0.0146088
           5     1.47275     1.45009   0.0126538
           6     1.47355       1.454   0.0110467
           7     1.41715     1.44874   0.0107183
           8     1.46927     1.45131  0.00963054
           9     1.42495     1.44838  0.00898406
          10     1.51831     1.45537   0.0106525
          11     1.46269     1.45604  0.00965849
          12     1.42336     1.45331  0.00922773
          13     1.44953     1.45302  0.00849328
          14     1.41514     1.45032  0.00831573
          15     1.47341     1.45186  0.00789308
          16     1.47185      1.4531  0.00748828
          17     1.46568     1.45384  0.00707282
          18     1.40455     1.45111  0.00720872
          19     1.44649     1.45086  0.00682308
          20     1.44427     1.45053  0.00648134
           1     1.42759     1.42759           0
           2     1.45685     1.44222   0.0146335
           3     1.42697     1.43714  0.00986016
           4     1.36488     1.41907   0.0193625
           5     1.40243     1.41574   0.0153629
           6     1.36357     1.40705   0.0152635
           7     1.37632     1.40266   0.0136266
           8     1.42566     1.40553   0.0121461
           9     1.40436      1.4054   0.0107126
          10     1.39297     1.40416  0.00966204
          11     1.43366     1.40684  0.00914191
          12     1.37968     1.40458   0.0086468
          13     1.38505     1.40308  0.00809447
          14     1.37646     1.40117  0.00773136
          15     1.44361       1.404  0.00773363
          16     1.40729     1.40421  0.00723705
          17     1.38149     1.40287  0.00692818
          18     1.43694     1.40477  0.00680066
          19     1.41802     1.40546  0.00647049
          20     1.37475     1.40393  0.00632762
