           1    -0.96464    -0.96464           0
           2   -0.964368   -0.964504    0.000136
           3   -0.966016   -0.965008  0.00051008
           4   -0.964176     -0.9648 0.000416359
           5   -0.969848    -0.96581  0.00105986
           6   -0.964112   -0.965527 0.000910451
           7    -0.97444     -0.9668  0.00148777
           8   -0.969648   -0.967156  0.00133673
           9   -0.960784   -0.966448  0.00137515
          10   -0.966792   -0.966482  0.00123045
          11   -0.962968   -0.966163  0.00115793
          12    -0.97912   -0.967243  0.00151103
          13   -0.977776   -0.968053  0.00160887
          14   -0.969408    -0.96815  0.00149267
          15   -0.972448   -0.968436  0.00141883
          16   -0.984288   -0.969427   0.0016562
          17   -0.980184    -0.97006  0.00167949
          18   -0.960968   -0.969555  0.00166205
          19    -0.98204   -0.970212  0.00170395
          20     -0.9732   -0.970361   0.0016234
           1   -0.959368   -0.959368           0
           2   -0.955952    -0.95766    0.001708
           3    -0.95932   -0.958213  0.00113075
           4   -0.959032   -0.958418 0.000825341
           5   -0.961376    -0.95901 0.000871036
           6   -0.958704   -0.958959 0.000713019
           7   -0.944936   -0.956955  0.00209191
           8   -0.966728   -0.958177  0.00218502
           9   -0.950864   -0.957364  0.00209132
          10    -0.95552    -0.95718   0.0018796
          11   -0.942016   -0.955801  0.00218882
          12   -0.967648   -0.956789  0.00222869
          13   -0.972816   -0.958022  0.00239225
          14   -0.964008   -0.958449  0.00225569
          15   -0.960488   -0.958585  0.00210433
          16   -0.966328   -0.959069  0.00202703
          17   -0.962608   -0.959277  0.00191541
          18   -0.955664   -0.959076  0.00181699
          19   -0.968744   -0.959585  0.00179244
          20   -0.959408   -0.959576  0.00170048
           1   -0.945712   -0.945712           0
           2   -0.946784   -0.946248    0.000536
           3   -0.956472   -0.949656  0.00342202
           4   -0.944248   -0.948304  0.00277183
           5   -0.950368   -0.948717  0.00218637
           6   -0.942304   -0.947648  0.00208066
           7   -0.936792   -0.946097  0.00234465
           8   -0.956576   -0.947407  0.00241636
           9    -0.94848   -0.947526  0.00213436
          10   -0.944256   -0.947199  0.00193684
          11    -0.93864   -0.946421  0.00191696
          12   -0.962112   -0.947729   0.0021845
          13   -0.958936   -0.948591  0.00218657
          14    -0.95032   -0.948714  0.00202814
          15     -0.9456   -0.948507  0.00189947
          16    -0.94504    -0.94829  0.00178996
          17    -0.95368   -0.948607    0.001711
          18    -0.95424    -0.94892  0.00164322
          19   -0.960016   -0.949504  0.00166042
          20   -0.949472   -0.949502  0.00157522
           1   -0.941728   -0.941728           0
           2   -0.943472     -0.9426    0.000872
           3    -0.94436   -0.943187 0.000773071
           4   -0.930584   -0.940036  0.00319774
           5   -0.942424   -0.940514  0.00252258
           6   -0.935496   -0.939677  0.00222297
           7   -0.931112   -0.938454  0.00224209
           8   -0.940344    -0.93869  0.00195603
           9   -0.936568   -0.938454   0.0017411
          10   -0.926248   -0.937234  0.00197865
          11   -0.930992   -0.936666  0.00187755
          12   -0.948544   -0.937656  0.00197924
          13   -0.950992   -0.938682  0.00208976
          14   -0.936264   -0.938509  0.00194243
          15   -0.932104   -0.938082  0.00185804
          16   -0.932576   -0.937738  0.00177178
          17   -0.939912   -0.937866   0.0016692
          18    -0.94544   -0.938287  0.00162902
          19   -0.942568   -0.938512  0.00155729
          20    -0.94044   -0.938608  0.00148051
           1   -0.924216   -0.924216           0
           2   -0.930072   -0.927144    0.002928
           3   -0.929912   -0.928067  0.00192589
           4    -0.91936    -0.92589  0.00256757
           5   -0.924008   -0.925514  0.00202413
           6   -0.926808   -0.925729  0.00166672
           7    -0.92232   -0.925242  0.00149046
           8   -0.924088   -0.925098  0.00129881
           9   -0.925704   -0.925165  0.00114742
          10    -0.92124   -0.924773  0.00109879
          11   -0.921696   -0.924493  0.00103251
          12   -0.933088   -0.925209   0.0011838
          13   -0.934576    -0.92593  0.00130573
          14   -0.927576   -0.926047  0.00121458
          15   -0.923496   -0.925877  0.00114343
          16   -0.920264   -0.925527  0.00112565
          17   -0.920312    -0.92522  0.00110096
          18   -0.924032   -0.925154  0.00104009
          19    -0.92656   -0.925228 0.000986605
          20   -0.937984   -0.925866  0.00113263
           1   -0.909024   -0.909024           0
           2    -0.91516   -0.912092    0.003068
           3     -0.9204   -0.914861  0.00328736
           4   -0.911848   -0.914108  0.00244354
           5   -0.911896   -0.913666  0.00194377
           6    -0.91656   -0.914148  0.00165878
           7   -0.910232   -0.913589  0.00150942
           8   -0.914824   -0.913743  0.00131629
           9   -0.903456     -0.9126  0.00162912
          10    -0.91064   -0.912404  0.00147025
          11   -0.912264   -0.912391  0.00132995
          12     -0.9222   -0.913209   0.0014636
          13    -0.91464   -0.913319  0.00135081
          14   -0.908616   -0.912983  0.00129493
          15    -0.90712   -0.912592   0.0012673
          16   -0.911392   -0.912517  0.00118782
          17   -0.910912   -0.912423  0.00111975
          18   -0.923632   -0.913045   0.0012257
          19   -0.912232   -0.913003  0.00116018
          20   -0.924472   -0.913576  0.00124109
           1   -0.903808   -0.903808           0
           2   -0.905952    -0.90488    0.001072
           3   -0.908752   -0.906171  0.00143139
           4   -0.895816   -0.903582   0.0027795
           5    -0.89568   -0.902002  0.00267078
           6   -0.899696   -0.901617  0.00221428
           7   -0.895176   -0.900697   0.0020854
           8   -0.903888   -0.901096  0.00184953
           9   -0.892992   -0.900196  0.00186317
          10    -0.90396   -0.900572  0.00170846
          11   -0.898024    -0.90034  0.00156262
          12    -0.91088   -0.901219  0.00167518
          13   -0.895576   -0.900785  0.00160091
          14   -0.894864   -0.900362  0.00154131
          15   -0.896192   -0.900084  0.00146156
          16   -0.892624   -0.899618  0.00144447
          17   -0.898456   -0.899549  0.00135857
          18   -0.908856   -0.900066  0.00138129
          19   -0.897872   -0.899951  0.00131166
          20   -0.911672   -0.900537  0.00137546
           1   -0.886928   -0.886928           0
           2   -0.882712    -0.88482    0.002108
           3   -0.890808   -0.886816  0.00233778
           4   -0.885408   -0.886464  0.00169013
           5   -0.886968   -0.886565  0.00131304
           6   -0.885544   -0.886395  0.00108551
           7   -0.884184   -0.886079 0.000970257
           8   -0.890496   -0.886631  0.00100544
           9   -0.880512   -0.885951  0.00111737
          10   -0.887608   -0.886117  0.00101305
          11   -0.887168   -0.886212 0.000921305
          12    -0.89736   -0.887141  0.00125312
          13   -0.883088    -0.88683  0.00119413
          14   -0.883288   -0.886577  0.00113412
          15    -0.88608   -0.886543  0.00105633
          16   -0.880656   -0.886176   0.0010544
          17   -0.881584   -0.885905   0.0010266
          18   -0.899336   -0.886652   0.0012221
          19   -0.886112   -0.886623  0.00115634
          20   -0.895208   -0.887052  0.00117799
           1   -0.876344   -0.876344           0
           2   -0.872776    -0.87456    0.001784
           3   -0.876736   -0.875285  0.00125976
           4   -0.878456   -0.876078   0.0011924
           5    -0.87852   -0.876566  0.00104481
           6   -0.876976   -0.876635  0.00085581
           7   -0.874792   -0.876371 0.000769704
           8   -0.877696   -0.876537 0.000686839
           9   -0.867832    -0.87557  0.00114124
          10    -0.87728   -0.875741  0.00103499
          11   -0.877088   -0.875863 0.000944157
          12    -0.88116   -0.876305 0.000968343
          13   -0.873232   -0.876068 0.000921572
          14   -0.872728    -0.87583 0.000885942
          15   -0.873048   -0.875644 0.000845359
          16   -0.868984   -0.875228 0.000893633
          17    -0.87188   -0.875031 0.000862216
          18   -0.881576   -0.875395 0.000890519
          19   -0.871152   -0.875171 0.000871442
          20   -0.878552    -0.87534 0.000843825
           1   -0.865112   -0.865112           0
           2   -0.860128    -0.86262    0.002492
           3   -0.858176   -0.861139  0.00206504
           4   -0.856576   -0.859998  0.00185292
           5   -0.860768   -0.860152   0.0014435
           6   -0.861152   -0.860319  0.00119034
           7   -0.862264   -0.860597   0.0010437
           8   -0.865496   -0.861209  0.00109181
           9   -0.857088   -0.860751  0.00106621
          10    -0.86056   -0.860732 0.000953843
          11    -0.86616   -0.861225 0.000993928
          12   -0.867896   -0.861781  0.00106407
          13   -0.860752   -0.861702 0.000981999
          14   -0.860448   -0.861613 0.000913557
          15   -0.861288   -0.861591 0.000850751
          16   -0.856032   -0.861244  0.00086834
          17   -0.859032   -0.861113 0.000825972
          18    -0.86596   -0.861383 0.000823969
          19     -0.8586   -0.861236 0.000793038
          20   -0.863384   -0.861344 0.000759967
           1   -0.847688   -0.847688           0
           2   -0.846584   -0.847136    0.000552
           3   -0.845064   -0.846445  0.00076065
           4   -0.846312   -0.846412 0.000538893
           5   -0.846032   -0.846336 0.000424287
           6   -0.848064   -0.846624 0.000450507
           7   -0.848064    -0.84683 0.000432767
           8   -0.852432    -0.84753 0.000794271
           9   -0.844568   -0.847201 0.000773943
          10   -0.848496    -0.84733 0.000704246
          11    -0.85316    -0.84786 0.000828643
          12   -0.855752   -0.848518  0.00100234
          13    -0.84676   -0.848383 0.000931887
          14   -0.846768   -0.848267 0.000870435
          15   -0.846864   -0.848174 0.000815714
          16   -0.841392    -0.84775 0.000872857
          17   -0.846328   -0.847666 0.000824162
          18   -0.850344   -0.847815 0.000791139
          19    -0.84516   -0.847675 0.000761278
          20   -0.852232   -0.847903 0.000757296
           1   -0.833864   -0.833864           0
           2    -0.83596   -0.834912    0.001048
           3   -0.832104   -0.833976  0.00111454
           4   -0.835512    -0.83436 0.000876672
           5   -0.834432   -0.834374  0.00067922
           6   -0.835248    -0.83452 0.000573376
           7   -0.836816   -0.834848  0.00058516
           8    -0.83448   -0.834802 0.000508847
           9   -0.834368   -0.834754 0.000451344
          10      -0.835   -0.834778 0.000404445
          11   -0.839232   -0.835183 0.000545671
          12      -0.835   -0.835168 0.000498361
          13   -0.831936   -0.834919 0.000521501
          14   -0.834984   -0.834924 0.000482838
          15     -0.8312   -0.834676 0.000513502
          16   -0.833056   -0.834575 0.000490889
          17     -0.8326   -0.834458 0.000475513
          18   -0.838352   -0.834675 0.000497776
          19   -0.832064   -0.834537 0.000490488
          20   -0.836712   -0.834646 0.000477854
           1   -0.816512   -0.816512           0
           2   -0.826328    -0.82142    0.004908
           3   -0.815864   -0.819568  0.00338517
           4   -0.824352   -0.820764  0.00267584
           5   -0.820768   -0.820765   0.0020727
           6   -0.820816   -0.820773  0.00169237
           7   -0.821216   -0.820837  0.00143171
           8   -0.823168   -0.821128  0.00127369
           9    -0.82244   -0.821274  0.00113271
          10   -0.820528   -0.821199  0.00101586
          11   -0.825824    -0.82162   0.0010105
          12   -0.820648   -0.821539 0.000926005
          13   -0.814928    -0.82103 0.000992043
          14   -0.820576   -0.820998 0.000919026
          15   -0.818272   -0.820816 0.000874651
          16   -0.817312   -0.820597 0.000846964
          17   -0.821056   -0.820624 0.000796043
          18     -0.8222   -0.820712 0.000755606
          19   -0.819944   -0.820671 0.000715872
          20   -0.821384   -0.820707 0.000680071
           1   -0.803552   -0.803552           0
           2   -0.815024   -0.809288    0.005736
           3   -0.803376   -0.807317  0.00385367
           4   -0.810608    -0.80814  0.00284643
           5   -0.807752   -0.808062   0.0022062
           6   -0.805168    -0.80758  0.00186483
           7   -0.811264   -0.808106  0.00166162
           8   -0.810608   -0.808419  0.00147259
           9   -0.811968   -0.808813  0.00135725
          10    -0.80932   -0.808864  0.00121502
          11   -0.813248   -0.809263  0.00116906
          12    -0.80644   -0.809027  0.00109281
          13   -0.804384    -0.80867  0.00106681
          14   -0.808816   -0.808681 0.000987729
          15   -0.804864   -0.808426 0.000954079
          16   -0.804768   -0.808198  0.00092128
          17   -0.807344   -0.808147 0.000866847
          18   -0.810168    -0.80826 0.000824945
          19   -0.809496   -0.808325 0.000783029
          20   -0.810616   -0.808439 0.000751629
           1    -0.79384    -0.79384           0
           2   -0.802024   -0.797932    0.004092
           3   -0.791368   -0.795744  0.00322007
           4   -0.794376   -0.795402  0.00230247
           5    -0.79588   -0.795498  0.00178605
           6   -0.794792    -0.79538  0.00146304
           7    -0.79808   -0.795766  0.00129526
           8   -0.797624   -0.795998  0.00114552
           9   -0.796768   -0.796084  0.00101387
          10   -0.798192   -0.796294 0.000931023
          11   -0.798816   -0.796524 0.000872785
          12    -0.79372    -0.79629 0.000830289
          13    -0.79388   -0.796105 0.000785932
          14   -0.797752   -0.796222 0.000737085
          15   -0.794376   -0.796099 0.000697141
          16   -0.793352   -0.795928 0.000674341
          17   -0.794112   -0.795821 0.000642372
          18   -0.796904   -0.795881 0.000608617
          19    -0.79828   -0.796007 0.000589379
          20    -0.79736   -0.796075 0.000563211
           1    -0.78232    -0.78232           0
           2    -0.78616    -0.78424     0.00192
           3    -0.77904   -0.782507  0.00205748
           4   -0.780176   -0.781924   0.0015672
           5   -0.780944   -0.781728  0.00122967
           6   -0.782232   -0.781812  0.00100753
           7   -0.782432   -0.781901 0.000856112
           8   -0.782584   -0.781986  0.00074632
           9   -0.783336   -0.782136 0.000675068
          10   -0.785632   -0.782486 0.000697706
          11   -0.785688   -0.782777 0.000695012
          12   -0.779064   -0.782467 0.000705875
          13   -0.782688   -0.782484 0.000649532
          14   -0.784416   -0.782622 0.000616976
          15   -0.781968   -0.782579 0.000576027
          16   -0.782096   -0.782549 0.000539668
          17   -0.781808   -0.782505 0.000508798
          18     -0.7842   -0.782599 0.000488855
          19   -0.782872   -0.782613 0.000462634
          20   -0.782984   -0.782632 0.000439284
           1   -0.769344   -0.769344           0
           2   -0.773184   -0.771264     0.00192
           3   -0.768536   -0.770355  0.00143377
           4   -0.765928   -0.769248  0.00150085
           5   -0.769376   -0.769274  0.00116284
           6   -0.773072   -0.769907  0.00114115
           7   -0.770776   -0.770031 0.000972414
           8   -0.771848   -0.770258  0.00087223
           9   -0.770128   -0.770244  0.00076937
          10   -0.770088   -0.770228 0.000688322
          11    -0.77144   -0.770338 0.000632284
          12   -0.766928   -0.770054  0.00064336
          13   -0.771216   -0.770143 0.000598517
          14   -0.770824   -0.770192 0.000556248
          15    -0.76728   -0.769998 0.000553032
          16    -0.77028   -0.770015 0.000517615
          17   -0.768512   -0.769927 0.000494193
          18   -0.768352    -0.76984 0.000474075
          19   -0.771216   -0.769912 0.000454244
          20   -0.768288   -0.769831 0.000438517
           1   -0.757216   -0.757216           0
           2   -0.762872   -0.760044    0.002828
           3    -0.75588   -0.758656  0.00214299
           4   -0.753784   -0.757438  0.00194415
           5   -0.756384   -0.757227  0.00152062
           6   -0.758696   -0.757472  0.00126548
           7   -0.759392   -0.757746  0.00110414
           8   -0.760936   -0.758145  0.00103601
           9   -0.758496   -0.758184 0.000914505
          10    -0.75768   -0.758134  0.00081951
          11   -0.758232   -0.758143 0.000741328
          12   -0.754808   -0.757865 0.000731567
          13   -0.759736   -0.758009 0.000688167
          14   -0.759424    -0.75811  0.00064509
          15   -0.753128   -0.757778 0.000686262
          16    -0.75484   -0.757594 0.000667679
          17   -0.756488   -0.757529 0.000630541
          18    -0.75408   -0.757337 0.000624595
          19    -0.76016   -0.757486   0.0006092
          20   -0.755552   -0.757389 0.000585971
           1   -0.744896   -0.744896           0
           2     -0.7516   -0.748248    0.003352
           3   -0.745872   -0.747456  0.00209107
           4   -0.742656   -0.746256  0.00190428
           5   -0.745464   -0.746098  0.00148353
           6     -0.7492   -0.746615  0.00131704
           7   -0.747432   -0.746731  0.00111921
           8   -0.747952   -0.746884 0.000981199
           9   -0.747192   -0.746918 0.000866013
          10   -0.748544   -0.747081 0.000791463
          11    -0.74736   -0.747106 0.000716355
          12    -0.74156   -0.746644 0.000800781
          13    -0.74536   -0.746545 0.000743203
          14   -0.747328   -0.746601  0.00069034
          15   -0.741152   -0.746238 0.000738239
          16   -0.744752   -0.746145 0.000696776
          17   -0.743608   -0.745996 0.000671305
          18   -0.741768   -0.745761 0.000675089
          19    -0.74712   -0.745832 0.000642564
          20   -0.742688   -0.745675 0.000629538
           1    -0.73496    -0.73496           0
           2   -0.739448   -0.737204    0.002244
           3    -0.73448   -0.736296  0.00158208
           4    -0.73068   -0.734892  0.00179519
           5   -0.733712   -0.734656  0.00141043
           6   -0.738928   -0.735368  0.00135394
           7   -0.735216   -0.735346   0.0011445
           8   -0.735504   -0.735366 0.000991358
           9   -0.733928   -0.735206 0.000888775
          10   -0.734592   -0.735145 0.000797314
          11   -0.733976   -0.735039 0.000728983
          12   -0.729456   -0.734573 0.000811954
          13   -0.732152   -0.734387 0.000769763
          14   -0.735216   -0.734446 0.000715117
          15   -0.728384   -0.734042 0.000778811
          16   -0.732304   -0.733934 0.000736566
          17   -0.734184   -0.733948  0.00069204
          18     -0.7298   -0.733718 0.000691966
          19    -0.73428   -0.733747 0.000655203
          20   -0.731552   -0.733638 0.000631198
           1   -0.724872   -0.724872           0
           2   -0.726592   -0.725732     0.00086
           3   -0.721832   -0.724432  0.00139159
           4   -0.719432   -0.723182  0.00159084
           5   -0.720728   -0.722691   0.0013264
           6    -0.72608   -0.723256  0.00122143
           7    -0.72384   -0.723339  0.00103566
           8   -0.724704    -0.72351 0.000912987
           9   -0.722264   -0.723372 0.000816994
          10   -0.721576   -0.723192 0.000752478
          11    -0.72108      -0.723 0.000707204
          12   -0.718568   -0.722631 0.000743767
          13   -0.720736   -0.722485 0.000699517
          14   -0.725096   -0.722671 0.000673947
          15     -0.7164   -0.722253 0.000753955
          16    -0.72012    -0.72212 0.000717753
          17    -0.72148   -0.722082 0.000675262
          18    -0.71736    -0.72182 0.000688581
          19   -0.720968   -0.721775 0.000652874
          20   -0.717304   -0.721552 0.000658482
           1   -0.712792   -0.712792           0
           2   -0.713616   -0.713204    0.000412
           3   -0.707624   -0.711344  0.00187515
           4   -0.708112   -0.710536  0.00155272
           5   -0.708384   -0.710106  0.00127743
           6   -0.713896   -0.710737  0.00121941
           7   -0.711808    -0.71089  0.00104188
           8   -0.714336   -0.711321 0.000999824
           9   -0.710632   -0.711244 0.000885079
          10    -0.70832   -0.710952 0.000843929
          11   -0.711576   -0.711009 0.000765467
          12    -0.70632   -0.710618 0.000800594
          13   -0.709504   -0.710532 0.000741409
          14   -0.711024   -0.710567 0.000687309
          15   -0.705656    -0.71024 0.000718761
          16   -0.708768   -0.710148 0.000678604
          17    -0.70712    -0.70997 0.000661856
          18   -0.707432   -0.709829 0.000639734
          19   -0.708784   -0.709774 0.000607622
          20    -0.70704   -0.709637 0.000592426
           1   -0.699456   -0.699456           0
           2   -0.699424    -0.69944     1.6e-05
           3    -0.69684   -0.698573 0.000866716
           4   -0.695208   -0.697732  0.00104088
           5   -0.698024    -0.69779 0.000808378
           6    -0.70092   -0.698312 0.000841259
           7   -0.699688   -0.698509 0.000737667
           8   -0.700624   -0.698773 0.000691402
           9   -0.698992   -0.698797 0.000610244
          10   -0.697568   -0.698674 0.000559492
          11   -0.700672   -0.698856 0.000537676
          12   -0.695016   -0.698536 0.000585929
          13   -0.697872   -0.698485 0.000541391
          14   -0.697848   -0.698439 0.000503291
          15   -0.693576   -0.698115 0.000569783
          16   -0.697656   -0.698087 0.000533755
          17   -0.696712   -0.698006 0.000507853
          18   -0.695808   -0.697884 0.000494129
          19   -0.696712   -0.697822 0.000471449
          20   -0.695456   -0.697704 0.000462636
           1   -0.687752   -0.687752           0
           2   -0.688128    -0.68794    0.000188
           3   -0.685536   -0.687139 0.000808651
           4   -0.685616   -0.686758 0.000686925
           5   -0.684688   -0.686344 0.000674177
           6   -0.688568   -0.686715 0.000663629
           7   -0.690024   -0.687187 0.000733538
           8   -0.688784   -0.687387 0.000665873
           9   -0.687728   -0.687425 0.000588466
          10   -0.686992   -0.687382 0.000528117
          11   -0.687304   -0.687375 0.000477752
          12    -0.68568   -0.687233 0.000458418
          13   -0.688624    -0.68734  0.00043504
          14    -0.68728   -0.687336 0.000402792
          15   -0.681232   -0.686929 0.000553357
          16   -0.687176   -0.686945 0.000517848
          17    -0.68704    -0.68695 0.000486466
          18   -0.684656   -0.686823 0.000476024
          19   -0.686192   -0.686789 0.000451495
          20    -0.68516   -0.686708 0.000436006
           1   -0.675816   -0.675816           0
           2   -0.679088   -0.677452    0.001636
           3    -0.67536   -0.676755  0.00117407
           4    -0.67568   -0.676486 0.000872583
           5   -0.674048   -0.675998 0.000833423
           6   -0.678656   -0.676441 0.000811944
           7   -0.678872   -0.676789  0.00076907
           8   -0.677768   -0.676911 0.000677193
           9   -0.676536   -0.676869  0.00059868
          10    -0.67504   -0.676686 0.000565861
          11   -0.674832   -0.676518 0.000538888
          12   -0.673512   -0.676267 0.000552036
          13   -0.678264   -0.676421 0.000530518
          14   -0.676648   -0.676437 0.000491432
          15   -0.670808   -0.676062 0.000591724
          16   -0.678456   -0.676212 0.000573376
          17   -0.675656   -0.676179 0.000539583
          18   -0.672832   -0.675993 0.000541638
          19    -0.67448   -0.675913 0.000518489
          20      -0.674   -0.675818 0.000501098
           1    -0.66556    -0.66556           0
           2    -0.66876    -0.66716      0.0016
           3    -0.66352   -0.665947  0.00152496
           4    -0.66476    -0.66565  0.00111838
           5   -0.665712   -0.665662  0.00086638
           6   -0.668104   -0.666069 0.000816091
           7   -0.667688   -0.666301 0.000727453
           8    -0.66668   -0.666348 0.000631776
           9    -0.66656   -0.666372 0.000557672
          10    -0.66464   -0.666198 0.000527997
          11   -0.663952   -0.665994 0.000519421
          12     -0.6624   -0.665695  0.00056084
          13    -0.66728   -0.665817 0.000530115
          14    -0.66612   -0.665838 0.000491269
          15   -0.661952   -0.665579 0.000525634
          16   -0.666896   -0.665661 0.000498526
          17    -0.66404   -0.665566 0.000477899
          18   -0.661984   -0.665367 0.000492559
          19   -0.664704   -0.665332  0.00046722
          20   -0.661552   -0.665143 0.000481861
           1    -0.65332    -0.65332           0
           2   -0.657504   -0.655412    0.002092
           3   -0.652072   -0.654299  0.00164266
           4   -0.652624    -0.65388  0.00123469
           5   -0.655224   -0.654149  0.00099344
           6   -0.657712   -0.654743   0.0010053
           7   -0.655184   -0.654806 0.000851969
           8   -0.656296   -0.654992  0.00076098
           9   -0.655784    -0.65508 0.000676866
          10    -0.65368    -0.65494 0.000621384
          11   -0.653208   -0.654783 0.000583701
          12   -0.651752    -0.65453 0.000589662
          13   -0.656456   -0.654678  0.00056228
          14   -0.655624   -0.654746 0.000524936
          15   -0.651184   -0.654508 0.000543321
          16   -0.655728   -0.654585 0.000513916
          17   -0.651632   -0.654411 0.000513032
          18     -0.6506   -0.654199 0.000527995
          19   -0.654368   -0.654208 0.000499513
          20       -0.65   -0.653998 0.000518488
           1    -0.64216    -0.64216           0
           2   -0.646872   -0.644516    0.002356
           3   -0.642072   -0.643701  0.00158554
           4    -0.64272   -0.643456  0.00114767
           5   -0.644152   -0.643595 0.000899815
           6    -0.64592   -0.643983 0.000830608
           7   -0.644728   -0.644089 0.000710021
           8   -0.643832   -0.644057 0.000615735
           9      -0.646   -0.644273 0.000584369
          10   -0.644224   -0.644268 0.000522698
          11    -0.64272   -0.644127 0.000493298
          12   -0.641968   -0.643947 0.000484937
          13     -0.6456   -0.644074 0.000463839
          14   -0.644696   -0.644119  0.00043172
          15    -0.64152   -0.643946 0.000437663
          16    -0.64424   -0.643964  0.00040981
          17    -0.64152    -0.64382 0.000410919
          18   -0.639216   -0.643564 0.000464243
          19   -0.643576   -0.643565  0.00043913
          20   -0.640008   -0.643387 0.000452972
           1   -0.631848   -0.631848           0
           2   -0.637024   -0.634436    0.002588
           3   -0.632496   -0.633789  0.00162812
           4    -0.63272   -0.633522  0.00118188
           5   -0.633464    -0.63351 0.000915556
           6   -0.634344   -0.633649 0.000760349
           7    -0.63408   -0.633711 0.000645551
           8    -0.63524   -0.633902 0.000590836
           9    -0.63556   -0.634086 0.000552676
          10   -0.633712   -0.634049 0.000495743
          11   -0.633184    -0.63397 0.000455256
          12   -0.632432   -0.633842 0.000434908
          13    -0.63592   -0.634002  0.00043081
          14   -0.633272    -0.63395 0.000402245
          15   -0.631416   -0.633781 0.000410803
          16   -0.634032   -0.633796 0.000384592
          17   -0.631888   -0.633684 0.000378303
          18   -0.631512   -0.633564  0.00037653
          19   -0.633888   -0.633581 0.000356571
          20   -0.629392   -0.633371 0.000397857
           1   -0.622248   -0.622248           0
           2   -0.625896   -0.624072    0.001824
           3   -0.621056   -0.623067  0.00145591
           4   -0.622296   -0.622874  0.00104736
           5   -0.623824   -0.623064 0.000833234
           6   -0.624448   -0.623295 0.000718373
           7   -0.623832   -0.623371 0.000611969
           8   -0.625408   -0.623626 0.000587951
           9   -0.625392   -0.623822  0.00055441
          10   -0.623928   -0.623833 0.000495992
          11   -0.624104   -0.623857 0.000449319
          12   -0.623064   -0.623791 0.000415465
          13   -0.625936   -0.623956  0.00041626
          14   -0.622816   -0.623875 0.000393895
          15     -0.6202    -0.62363 0.000441006
          16   -0.623488   -0.623621 0.000412619
          17    -0.62204   -0.623528 0.000398589
          18   -0.620776   -0.623375 0.000405704
          19   -0.624912   -0.623456  0.00039219
          20   -0.620584   -0.623312 0.000398814
           1   -0.614144   -0.614144           0
           2   -0.615504   -0.614824     0.00068
           3   -0.612752   -0.614133 0.000794452
           4   -0.613704   -0.614026 0.000571924
           5   -0.614016   -0.614024 0.000443015
           6   -0.613672   -0.613965 0.000366447
           7     -0.6146   -0.614056 0.000322703
           8   -0.615712   -0.614263 0.000347781
           9   -0.616312   -0.614491 0.000381976
          10   -0.614832   -0.614525 0.000343351
          11    -0.61472   -0.614543 0.000311079
          12   -0.614272    -0.61452 0.000284868
          13   -0.616296   -0.614657 0.000295515
          14   -0.613528   -0.614576 0.000285223
          15    -0.61112   -0.614346 0.000351553
          16   -0.614808   -0.614374 0.000330115
          17   -0.612048   -0.614238 0.000338946
          18    -0.61164   -0.614093 0.000350636
          19    -0.61512   -0.614147 0.000336041
          20   -0.611488   -0.614014 0.000345416
           1   -0.603904   -0.603904           0
           2   -0.606448   -0.605176    0.001272
           3   -0.603256   -0.604536 0.000974129
           4   -0.602408   -0.604004 0.000870338
           5    -0.60436   -0.604075  0.00067791
           6    -0.60524   -0.604269 0.000586568
           7   -0.605848   -0.604495 0.000544628
           8      -0.605   -0.604558  0.00047587
           9   -0.606208   -0.604741 0.000457974
          10   -0.605856   -0.604853  0.00042452
          11    -0.60368   -0.604746  0.00039852
          12   -0.604712   -0.604743 0.000363808
          13   -0.606224   -0.604857 0.000353506
          14   -0.605096   -0.604874 0.000327727
          15   -0.601288   -0.604635 0.000387616
          16    -0.60584   -0.604711 0.000370318
          17   -0.602016   -0.604552 0.000382262
          18   -0.602832   -0.604456 0.000372853
          19   -0.605472    -0.60451 0.000356711
          20   -0.601648   -0.604367 0.000367416
           1   -0.594192   -0.594192           0
           2      -0.597   -0.595596    0.001404
           3   -0.594152   -0.595115 0.000942737
           4   -0.593648   -0.594748 0.000760803
           5    -0.59448   -0.594694 0.000591748
           6   -0.596584   -0.595009 0.000576738
           7   -0.596008   -0.595152 0.000507882
           8   -0.596232   -0.595287 0.000460091
           9   -0.596144   -0.595382 0.000416785
          10   -0.597328   -0.595577  0.00042051
          11   -0.593016   -0.595344 0.000445952
          12   -0.595104   -0.595324 0.000407588
          13   -0.596536   -0.595417 0.000386344
          14   -0.595832   -0.595447  0.00035891
          15    -0.59292   -0.595278 0.000374191
          16   -0.595224   -0.595275  0.00035004
          17     -0.5924   -0.595106 0.000369748
          18   -0.593848   -0.595036 0.000355537
          19   -0.595088   -0.595039 0.000336316
          20   -0.592984   -0.594936  0.00033519
           1    -0.58476    -0.58476           0
           2    -0.58788    -0.58632     0.00156
           3    -0.58472   -0.585787  0.00104673
           4   -0.583688   -0.585262 0.000907247
           5   -0.586064   -0.585422 0.000720824
           6   -0.588744   -0.585976    0.000808
           7   -0.587256   -0.586159 0.000706943
           8   -0.585448    -0.58607 0.000618645
           9   -0.586568   -0.586125 0.000548392
          10   -0.587432   -0.586256 0.000507603
          11   -0.584232   -0.586072 0.000494641
          12   -0.586672   -0.586122 0.000454303
          13   -0.587344   -0.586216  0.00042834
          14   -0.585816   -0.586187 0.000397593
          15   -0.584944   -0.586105 0.000379308
          16   -0.585712    -0.58608 0.000355658
          17    -0.58388   -0.585951 0.000358271
          18   -0.585336   -0.585916 0.000339503
          19    -0.58612   -0.585927 0.000321316
          20     -0.5838   -0.585821 0.000322849
           1   -0.576664   -0.576664           0
           2   -0.578488   -0.577576    0.000912
           3   -0.575048   -0.576733 0.000993647
           4   -0.574296   -0.576124 0.000930029
           5   -0.577344   -0.576368 0.000760598
           6   -0.579768   -0.576935 0.000840704
           7   -0.578416   -0.577146 0.000741369
           8   -0.576616    -0.57708 0.000645457
           9   -0.576192   -0.576981 0.000577727
          10    -0.57908   -0.577191 0.000557727
          11   -0.575272   -0.577017 0.000533801
          12    -0.57588   -0.576922 0.000496413
          13   -0.579776   -0.577142 0.000506667
          14   -0.578032   -0.577205 0.000473375
          15   -0.576224    -0.57714 0.000445516
          16   -0.577152    -0.57714 0.000416743
          17   -0.575416   -0.577039 0.000404392
          18   -0.576528   -0.577011  0.00038232
          19   -0.578432   -0.577085 0.000369294
          20    -0.57368   -0.576915  0.00038953
           1    -0.56856    -0.56856           0
           2    -0.56948    -0.56902     0.00046
           3     -0.5674    -0.56848 0.000601775
           4   -0.565256   -0.567674 0.000911429
           5   -0.567552    -0.56765 0.000706411
           6   -0.570936   -0.568197 0.000795418
           7   -0.570392   -0.568511 0.000741767
           8    -0.56864   -0.568527 0.000642592
           9   -0.568264   -0.568498 0.000567466
          10   -0.571976   -0.568846   0.0006153
          11   -0.566792   -0.568659 0.000587037
          12   -0.566816   -0.568505 0.000557461
          13    -0.57088   -0.568688 0.000544353
          14    -0.56948   -0.568745 0.000507138
          15   -0.567832   -0.568684 0.000476023
          16    -0.56828   -0.568658 0.000445994
          17     -0.5678   -0.568608 0.000421971
          18     -0.5678   -0.568563 0.000400362
          19   -0.570248   -0.568652 0.000388949
          20   -0.565352   -0.568487 0.000404196
           1   -0.559496   -0.559496           0
           2   -0.560872   -0.560184    0.000688
           3   -0.559152    -0.55984 0.000525469
           4   -0.556992   -0.559128 0.000803121
           5   -0.558856   -0.559074 0.000624469
           6   -0.562344   -0.559619 0.000746372
           7   -0.562496    -0.56003 0.000752907
           8   -0.560648   -0.560107 0.000656601
           9   -0.560936   -0.560199 0.000586348
          10   -0.564224   -0.560602  0.00066109
          11   -0.558656   -0.560425 0.000623588
          12   -0.558168   -0.560237 0.000599515
          13   -0.562152   -0.560384 0.000570816
          14   -0.560608     -0.5604 0.000528715
          15   -0.559032   -0.560309 0.000500585
          16   -0.561104   -0.560359 0.000470884
          17   -0.558768   -0.560265 0.000452105
          18    -0.55996   -0.560248 0.000426585
          19   -0.561968   -0.560339 0.000413539
          20   -0.557408   -0.560192 0.000418788
           1   -0.551552   -0.551552           0
           2     -0.5532   -0.552376    0.000824
           3   -0.551656   -0.552136 0.000532846
           4   -0.548704   -0.551278 0.000937084
           5   -0.550592   -0.551141 0.000738715
           6   -0.553632   -0.551556 0.000732251
           7   -0.554456    -0.55197 0.000744732
           8   -0.552688    -0.55206 0.000651167
           9    -0.55216   -0.552071 0.000574383
          10    -0.55572   -0.552436  0.00063014
          11   -0.550672   -0.552276 0.000592112
          12   -0.549912   -0.552079 0.000575292
          13   -0.553424   -0.552182 0.000539216
          14   -0.551808   -0.552155 0.000499932
          15   -0.551152   -0.552089 0.000470194
          16   -0.552016   -0.552084  0.00043985
          17   -0.549808    -0.55195 0.000434317
          18    -0.55192   -0.551948 0.000409481
          19   -0.552944   -0.552001 0.000390859
          20   -0.548632   -0.551832 0.000407267
           1   -0.543664   -0.543664           0
           2   -0.545576    -0.54462    0.000956
           3    -0.54396     -0.5444 0.000594176
           4   -0.540888   -0.543522 0.000973348
           5     -0.5424   -0.543298 0.000786638
           6   -0.545192   -0.543613 0.000715696
           7    -0.54628   -0.543994  0.00071484
           8   -0.543776   -0.543967 0.000619671
           9    -0.54444    -0.54402  0.00054902
          10      -0.548   -0.544418 0.000632121
          11   -0.543176   -0.544305  0.00058281
          12   -0.542464   -0.544151 0.000553702
          13   -0.546704   -0.544348 0.000545871
          14    -0.54364   -0.544297   0.0005079
          15   -0.543696   -0.544257 0.000474525
          16     -0.5436   -0.544216 0.000445773
          17   -0.541496   -0.544056 0.000448258
          18   -0.543048      -0.544 0.000426316
          19     -0.5448   -0.544042 0.000405447
          20    -0.54076   -0.543878 0.000418185
           1   -0.535824   -0.535824           0
           2   -0.538248   -0.537036    0.001212
           3   -0.537048    -0.53704  0.00069976
           4   -0.533824   -0.536236 0.000944059
           5   -0.535688   -0.536126 0.000739433
           6    -0.53708   -0.536285 0.000624313
           7   -0.538752   -0.536638  0.00063449
           8   -0.534904   -0.536421 0.000590676
           9   -0.537352   -0.536524 0.000531099
          10   -0.539096   -0.536782 0.000540168
          11   -0.535656   -0.536679 0.000499201
          12    -0.53436   -0.536486 0.000494997
          13    -0.53844   -0.536636 0.000479499
          14   -0.536096   -0.536598 0.000445604
          15   -0.536232   -0.536573  0.00041555
          16   -0.536128   -0.536545 0.000389707
          17   -0.534184   -0.536407 0.000391536
          18   -0.535776   -0.536372 0.000370803
          19   -0.537192   -0.536415 0.000353392
          20   -0.532656   -0.536227 0.000384341
           1   -0.527896   -0.527896           0
           2       -0.53   -0.528948    0.001052
           3   -0.528504     -0.5288 0.000625144
           4   -0.525472   -0.527968 0.000942139
           5   -0.528496   -0.528074 0.000737379
           6   -0.528952    -0.52822 0.000619611
           7    -0.53108   -0.528629 0.000664197
           8   -0.527352   -0.528469 0.000596935
           9   -0.529152   -0.528545 0.000531889
          10   -0.531224   -0.528813 0.000545986
          11   -0.527784   -0.528719 0.000502641
          12   -0.526584   -0.528541 0.000492141
          13   -0.530384   -0.528683 0.000474375
          14    -0.52928   -0.528726 0.000441251
          15   -0.527576   -0.528649 0.000417872
          16   -0.528376   -0.528632 0.000391256
          17    -0.52676   -0.528522 0.000383663
          18   -0.528112   -0.528499 0.000362437
          19   -0.529184   -0.528535 0.000344721
          20   -0.525176   -0.528367  0.00036764
           1   -0.520336   -0.520336           0
           2   -0.523048   -0.521692    0.001356
           3    -0.52108   -0.521488 0.000809029
           4   -0.516416    -0.52022  0.00139107
           5   -0.521888   -0.520554  0.00112798
           6    -0.52176   -0.520755 0.000942685
           7   -0.523688   -0.521174 0.000900197
           8   -0.520136   -0.521044 0.000790311
           9   -0.521576   -0.521103 0.000699491
          10   -0.523592   -0.521352 0.000673332
          11   -0.519792    -0.52121 0.000625345
          12    -0.51964   -0.521079 0.000585663
          13   -0.521824   -0.521137 0.000541769
          14   -0.521288   -0.521147 0.000501697
          15   -0.520808   -0.521125 0.000467602
          16   -0.520408    -0.52108  0.00043969
          17   -0.519632   -0.520995 0.000421709
          18   -0.520576   -0.520972 0.000398271
          19   -0.522256   -0.521039 0.000382744
          20   -0.516936   -0.520834 0.000417053
           1   -0.513936   -0.513936           0
           2   -0.515464     -0.5147    0.000764
           3   -0.513408   -0.514269 0.000616473
           4   -0.509432    -0.51306   0.0012855
           5   -0.514176   -0.513283  0.00102045
           6   -0.515208   -0.513604  0.00089282
           7   -0.516272   -0.513985 0.000845368
           8   -0.513352   -0.513906 0.000736375
           9   -0.514432   -0.513964 0.000652047
          10   -0.516056   -0.514174 0.000619579
          11    -0.51296   -0.514063 0.000571186
          12   -0.512528   -0.513935 0.000536886
          13   -0.514472   -0.513977 0.000495586
          14   -0.515032   -0.514052 0.000464975
          15   -0.513776   -0.514034 0.000433259
          16   -0.512712   -0.513951 0.000413608
          17    -0.51148   -0.513806 0.000414817
          18   -0.514056    -0.51382 0.000391341
          19   -0.516016   -0.513935 0.000387802
          20   -0.509216   -0.513699 0.000437067
           1   -0.507448   -0.507448           0
           2   -0.508016   -0.507732    0.000284
           3   -0.506032   -0.507165 0.000589912
           4    -0.50232   -0.505954  0.00128114
           5   -0.507784    -0.50632  0.00105771
           6   -0.508952   -0.506759  0.00096864
           7   -0.509528   -0.507154 0.000909232
           8   -0.506264   -0.507043 0.000795243
           9   -0.506936   -0.507031 0.000701439
          10   -0.508944   -0.507222   0.0006559
          11   -0.506288   -0.507137 0.000599334
          12   -0.505784   -0.507025 0.000558619
          13   -0.506888   -0.507014 0.000513963
          14   -0.508192   -0.507098 0.000483217
          15     -0.5072   -0.507105 0.000449902
          16   -0.506248   -0.507051  0.00042424
          17    -0.50496   -0.506928 0.000417063
          18   -0.506856   -0.506924 0.000393232
          19    -0.50932   -0.507051 0.000392748
          20   -0.502464   -0.506821 0.000437512
           1   -0.500584   -0.500584           0
           2   -0.501424   -0.501004     0.00042
           3    -0.49876   -0.500256 0.000786323
           4   -0.496504   -0.499318  0.00109041
           5   -0.500808   -0.499616 0.000895657
           6   -0.501752   -0.499972 0.000813349
           7   -0.502384   -0.500317 0.000768932
           8   -0.499632   -0.500231  0.00067139
           9   -0.499936   -0.500198 0.000593017
          10   -0.501752   -0.500354   0.0005527
          11   -0.499496   -0.500276 0.000505979
          12   -0.499184   -0.500185 0.000470766
          13   -0.499736    -0.50015 0.000434415
          14   -0.501192   -0.500225 0.000409017
          15   -0.499744   -0.500193  0.00038212
          16     -0.4996   -0.500155 0.000359353
          17   -0.498432   -0.500054  0.00035245
          18   -0.500272   -0.500066 0.000332513
          19    -0.50284   -0.500212 0.000346755
          20   -0.495512   -0.499977 0.000404284
           1    -0.49428    -0.49428           0
           2    -0.49452     -0.4944     0.00012
           3   -0.492368   -0.493723 0.000680867
           4    -0.48904   -0.492552   0.0012658
           5   -0.493752   -0.492792  0.00100943
           6   -0.495848   -0.493301 0.000968876
           7   -0.495864   -0.493667 0.000896962
           8    -0.49236   -0.493504 0.000793797
           9   -0.493488   -0.493502 0.000700066
          10   -0.495192   -0.493671 0.000648558
          11   -0.492616   -0.493575 0.000594434
          12   -0.492624   -0.493496 0.000548401
          13    -0.49384   -0.493522 0.000505149
          14   -0.494744    -0.49361 0.000475747
          15   -0.492768   -0.493554 0.000446437
          16   -0.493344   -0.493541 0.000417809
          17   -0.491312   -0.493409 0.000413777
          18    -0.49348   -0.493413 0.000390132
          19    -0.49556   -0.493526 0.000385936
          20    -0.48872   -0.493286 0.000437954
           1   -0.488056   -0.488056           0
           2   -0.487432   -0.487744    0.000312
           3   -0.485608   -0.487032 0.000734433
           4   -0.482688   -0.485946  0.00120378
           5   -0.486832   -0.486123 0.000949134
           6   -0.489344    -0.48666 0.000942722
           7   -0.488744   -0.486958 0.000850551
           8   -0.485472   -0.486772  0.00075965
           9   -0.486032    -0.48669 0.000674975
          10     -0.4894   -0.486961 0.000661759
          11   -0.485496   -0.486828 0.000613217
          12   -0.485864   -0.486747 0.000565519
          13   -0.486384   -0.486719 0.000520952
          14   -0.487616   -0.486783 0.000486541
          15   -0.486528   -0.486766 0.000453265
          16    -0.48672   -0.486764 0.000424001
          17    -0.48504   -0.486662  0.00041098
          18    -0.48792   -0.486732 0.000393727
          19   -0.488816   -0.486842 0.000388244
          20   -0.482432   -0.486621 0.000429271
           1    -0.48076    -0.48076           0
           2   -0.481768   -0.481264    0.000504
           3   -0.479272     -0.4806 0.000724961
           4   -0.476288   -0.479522  0.00119368
           5    -0.48024   -0.479666 0.000935704
           6   -0.483152   -0.480247 0.000959861
           7   -0.482728   -0.480601 0.000885296
           8   -0.479696   -0.480488 0.000774992
           9   -0.479648   -0.480395 0.000689822
          10    -0.48236   -0.480591 0.000647541
          11   -0.479128   -0.480458 0.000600637
          12   -0.480248   -0.480441 0.000548584
          13    -0.48028   -0.480428 0.000504775
          14   -0.480968   -0.480467 0.000468918
          15   -0.480352   -0.480459 0.000436606
          16    -0.48016    -0.48044 0.000408835
          17   -0.479368   -0.480377 0.000389181
          18   -0.481304   -0.480429 0.000370517
          19   -0.482504   -0.480538 0.000367097
          20   -0.475952   -0.480309 0.000416971
           1   -0.474472   -0.474472           0
           2   -0.474624   -0.474548     7.6e-05
           3   -0.473432   -0.474176 0.000374579
           4   -0.469848   -0.473094  0.00111395
           5   -0.473736   -0.473222 0.000872361
           6   -0.476744   -0.473809 0.000922948
           7   -0.476432   -0.474184 0.000865348
           8    -0.47312   -0.474051 0.000761124
           9   -0.473672   -0.474009 0.000672568
          10   -0.476696   -0.474278  0.00065885
          11   -0.473552   -0.474212 0.000599592
          12   -0.474736   -0.474255 0.000549092
          13   -0.474144   -0.474247 0.000505163
          14   -0.474856    -0.47429 0.000469711
          15   -0.474024   -0.474273 0.000437637
          16   -0.473312   -0.474212  0.00041375
          17   -0.473608   -0.474177 0.000390274
          18   -0.475912   -0.474273  0.00038037
          19    -0.47592    -0.47436 0.000370085
          20   -0.470448   -0.474164 0.000401903
           1   -0.468192   -0.468192           0
           2    -0.46848   -0.468336    0.000144
           3    -0.46716   -0.467944 0.000400719
           4   -0.463944   -0.466944  0.00103937
           5   -0.467048   -0.466965  0.00080536
           6   -0.470184   -0.467501 0.000848688
           7   -0.469648   -0.467808  0.00078008
           8   -0.467568   -0.467778 0.000676235
           9   -0.468288   -0.467835 0.000599069
          10   -0.470584    -0.46811 0.000602242
          11    -0.46744   -0.468049 0.000548139
          12    -0.46812   -0.468055 0.000500415
          13    -0.46768   -0.468026 0.000461216
          14    -0.46864    -0.46807 0.000429251
          15    -0.46788   -0.468057 0.000399811
          16   -0.467592   -0.468028 0.000375117
          17   -0.466712   -0.467951 0.000360764
          18   -0.469208    -0.46802 0.000347231
          19    -0.46904   -0.468074 0.000332802
          20    -0.46452   -0.467896 0.000362299
           1    -0.96544    -0.96544           0
           2   -0.979904   -0.972672    0.007232
           3   -0.977944   -0.974429  0.00453014
           4   -0.970776   -0.973516  0.00333095
           5   -0.970416   -0.972896  0.00265359
           6   -0.967648   -0.972021  0.00233654
           7   -0.968104   -0.971462   0.0020525
           8   -0.975104   -0.971917   0.0018349
           9   -0.978152    -0.97261  0.00176028
          10   -0.970856   -0.972434  0.00158418
          11   -0.974816   -0.972651  0.00144921
          12    -0.97228    -0.97262  0.00132331
          13   -0.971472   -0.972532  0.00122046
          14    -0.96608   -0.972071  0.00122029
          15   -0.976048   -0.972336  0.00116656
          16    -0.97548   -0.972533  0.00110877
          17    -0.97172   -0.972485   0.0010426
          18   -0.979664   -0.972884  0.00106081
          19   -0.977568    -0.97313  0.00103327
          20   -0.980616   -0.973504  0.00104928
           1   -0.960144   -0.960144           0
           2   -0.971288   -0.965716    0.005572
           3   -0.968928   -0.966787  0.00339048
           4   -0.963784   -0.966036  0.00251221
           5   -0.952096   -0.963248  0.00339995
           6   -0.960152   -0.962732   0.0028236
           7   -0.950336   -0.960961  0.00297165
           8   -0.967256   -0.961748  0.00269113
           9   -0.965264   -0.962139  0.00240529
          10   -0.959584   -0.961883  0.00216647
          11   -0.962376   -0.961928  0.00196016
          12     -0.9608   -0.961834  0.00179184
          13   -0.951408   -0.961032  0.00183302
          14    -0.95372    -0.96051  0.00177559
          15   -0.966536   -0.960911  0.00170111
          16   -0.960824   -0.960906  0.00159125
          17    -0.95796   -0.960733  0.00150473
          18      -0.965    -0.96097  0.00143835
          19   -0.969256   -0.961406  0.00142873
          20   -0.962392   -0.961455  0.00135631
           1   -0.952048   -0.952048           0
           2   -0.952416   -0.952232    0.000184
           3    -0.96188   -0.955448  0.00321775
           4   -0.953504   -0.954962  0.00232662
           5   -0.948432   -0.953656  0.00222565
           6   -0.945192   -0.952245  0.00230051
           7   -0.941048   -0.950646  0.00251774
           8   -0.951064   -0.950698  0.00218105
           9   -0.950264    -0.95065  0.00192411
          10   -0.945256    -0.95011  0.00180352
          11   -0.956872   -0.950725  0.00174331
          12    -0.95404   -0.951001  0.00161522
          13   -0.943392   -0.950416  0.00159693
          14   -0.946152   -0.950111  0.00150951
          15    -0.95544   -0.950467  0.00144948
          16   -0.947232   -0.950264  0.00137086
          17   -0.946496   -0.950043  0.00130664
          18    -0.95412   -0.950269  0.00125256
          19   -0.956392   -0.950592  0.00122784
          20   -0.948184   -0.950471  0.00117104
           1    -0.93868    -0.93868           0
           2    -0.94224    -0.94046     0.00178
           3   -0.946472   -0.942464  0.00225214
           4   -0.935312   -0.940676  0.00239437
           5   -0.931336   -0.938808  0.00263234
           6   -0.928104   -0.937024  0.00279323
           7   -0.930376   -0.936074  0.00254459
           8    -0.93608   -0.936075  0.00220368
           9   -0.933352   -0.935772  0.00196687
          10   -0.934296   -0.935625  0.00176541
          11   -0.936072   -0.935665  0.00159739
          12   -0.939424   -0.935979  0.00149147
          13   -0.931976   -0.935671  0.00140608
          14   -0.941064   -0.936056  0.00135758
          15   -0.939296   -0.936272  0.00128216
          16   -0.934872   -0.936184  0.00120254
          17   -0.939776   -0.936396  0.00114918
          18   -0.942168   -0.936716  0.00112991
          19   -0.949624   -0.937396  0.00126642
          20   -0.930912   -0.937072   0.0012444
           1    -0.93044    -0.93044           0
           2   -0.933448   -0.931944    0.001504
           3     -0.9336   -0.932496  0.00102894
           4   -0.925384   -0.930718   0.0019211
           5     -0.9226   -0.929094  0.00220238
           6   -0.919856   -0.927555  0.00236737
           7   -0.917408   -0.926105  0.00247068
           8    -0.92148   -0.925527  0.00221641
           9   -0.927904   -0.925791  0.00197245
          10   -0.924544   -0.925666  0.00176861
          11   -0.919096   -0.925069  0.00170764
          12    -0.92632   -0.925173  0.00156234
          13   -0.923912   -0.925076  0.00144042
          14   -0.930416   -0.925458  0.00138704
          15    -0.92644   -0.925523  0.00129292
          16   -0.926048   -0.925556  0.00120986
          17   -0.928592   -0.925735  0.00115041
          18   -0.933704   -0.926177   0.0011715
          19    -0.93416   -0.926597   0.0011851
          20   -0.931896   -0.926862  0.00115508
           1    -0.91816    -0.91816           0
           2   -0.914496   -0.916328    0.001832
           3   -0.922536   -0.918397  0.00232398
           4   -0.908464   -0.915914  0.00297782
           5   -0.912856   -0.915302  0.00238631
           6   -0.912088   -0.914767  0.00202073
           7   -0.905448   -0.913435  0.00216538
           8   -0.909624   -0.912959  0.00193485
           9   -0.907408   -0.912342  0.00181442
          10   -0.920296   -0.913138   0.0018073
          11   -0.905616   -0.912454  0.00177201
          12   -0.918224   -0.912935  0.00168757
          13    -0.90924    -0.91265  0.00157814
          14   -0.912752   -0.912658  0.00146109
          15   -0.914888   -0.912806   0.0013683
          16   -0.914256   -0.912897  0.00128313
          17   -0.912256   -0.912859  0.00120588
          18    -0.92192   -0.913363  0.00124337
          19    -0.91576   -0.913489  0.00118286
          20   -0.910288   -0.913329  0.00113351
           1   -0.905408   -0.905408           0
           2   -0.896352    -0.90088    0.004528
           3   -0.908896   -0.903552  0.00373816
           4   -0.895576   -0.901558  0.00331104
           5   -0.902616    -0.90177  0.00257343
           6   -0.897096   -0.900991  0.00224093
           7   -0.893192   -0.899877  0.00219731
           8     -0.8984   -0.899692  0.00191186
           9   -0.900616   -0.899795  0.00168922
          10   -0.906328   -0.900448  0.00164609
          11   -0.895776   -0.900023  0.00154834
          12     -0.9042   -0.900371  0.00145566
          13   -0.897184   -0.900126  0.00136127
          14    -0.89776   -0.899957  0.00127158
          15   -0.898656    -0.89987  0.00118695
          16     -0.9042   -0.900141  0.00114279
          17    -0.90024   -0.900147  0.00107348
          18   -0.908368   -0.900604  0.00111037
          19    -0.90224    -0.90069  0.00105383
          20   -0.903096    -0.90081  0.00100696
           1   -0.889184   -0.889184           0
           2   -0.886256    -0.88772    0.001464
           3   -0.892768   -0.889403  0.00188303
           4    -0.88364   -0.887962  0.00196174
           5   -0.886888   -0.887747  0.00153466
           6   -0.884864   -0.887267  0.00134203
           7   -0.884688   -0.886898  0.00119254
           8      -0.886   -0.886786  0.00103886
           9   -0.888752   -0.887004  0.00094187
          10   -0.892512   -0.887555  0.00100649
          11   -0.884048   -0.887236 0.000964622
          12   -0.900696   -0.888358    0.001426
          13   -0.883208   -0.887962  0.00137025
          14   -0.886488   -0.887857  0.00127296
          15   -0.890064   -0.888004  0.00119417
          16   -0.889736   -0.888112  0.00112227
          17    -0.88728   -0.888063  0.00105533
          18   -0.892112   -0.888288  0.00102008
          19    -0.89624   -0.888707  0.00105176
          20   -0.887992   -0.888671 0.000998428
           1   -0.876856   -0.876856           0
           2   -0.875008   -0.875932    0.000924
           3   -0.880016   -0.877293  0.00146213
           4     -0.8678    -0.87492  0.00258875
           5      -0.876   -0.875136  0.00201684
           6   -0.870536   -0.874369  0.00181646
           7   -0.875584   -0.874543  0.00154497
           8   -0.874152   -0.874494  0.00133887
           9     -0.8794   -0.875039  0.00130053
          10   -0.875992   -0.875134  0.00116712
          11   -0.867608    -0.87445  0.00125804
          12   -0.884072   -0.875252  0.00140064
          13   -0.872424   -0.875034  0.00130664
          14    -0.87516   -0.875043  0.00120975
          15   -0.871936   -0.874836  0.00114511
          16    -0.87652   -0.874941  0.00107631
          17    -0.87336   -0.874848  0.00101528
          18   -0.872776   -0.874733 0.000964119
          19   -0.871752   -0.874576 0.000925366
          20   -0.876176   -0.874656 0.000881515
           1   -0.867112   -0.867112           0
           2   -0.864624   -0.865868    0.001244
           3   -0.864792   -0.865509   0.0008028
           4   -0.859152    -0.86392  0.00168767
           5   -0.863896   -0.863915  0.00130727
           6    -0.85876   -0.863056  0.00137023
           7    -0.86592   -0.863465  0.00122821
           8     -0.8642   -0.863557  0.00106762
           9   -0.862808   -0.863474  0.00094522
          10     -0.8626   -0.863386 0.000849934
          11   -0.857496   -0.862851 0.000936907
          12   -0.867952   -0.863276 0.000955091
          13    -0.85984   -0.863012 0.000917452
          14   -0.863416   -0.863041 0.000849887
          15    -0.85328    -0.86239  0.00102441
          16   -0.862608   -0.862404 0.000958345
          17   -0.862312   -0.862398 0.000900224
          18   -0.860416   -0.862288 0.000855853
          19   -0.862416   -0.862295 0.000809584
          20   -0.863376   -0.862349  0.00076994
           1   -0.850616   -0.850616           0
           2   -0.848728   -0.849672    0.000944
           3    -0.84896   -0.849435 0.000594451
           4   -0.845496    -0.84845  0.00107063
           5   -0.848896   -0.848539 0.000834092
           6    -0.84784   -0.848423 0.000690931
           7    -0.85004   -0.848654 0.000627991
           8   -0.853696   -0.849284  0.00083249
           9    -0.85112   -0.849488 0.000762002
          10    -0.85048   -0.849587 0.000688737
          11   -0.846312   -0.849289 0.000690481
          12   -0.858176    -0.85003 0.000972477
          13   -0.850392   -0.850058 0.000894982
          14   -0.848832    -0.84997 0.000833206
          15    -0.84324   -0.849522 0.000896095
          16    -0.85224   -0.849691 0.000855265
          17    -0.84696   -0.849531 0.000819292
          18   -0.846368   -0.849355 0.000792169
          19   -0.848816   -0.849327 0.000749854
          20    -0.84884   -0.849302  0.00071179
           1    -0.83208    -0.83208           0
           2   -0.838192   -0.835136    0.003056
           3   -0.835008   -0.835093   0.0017649
           4   -0.834576   -0.834964  0.00125466
           5   -0.834512   -0.834874 0.000976047
           6    -0.83808   -0.835408 0.000959529
           7    -0.83372   -0.835167 0.000846043
           8    -0.83804   -0.835526 0.000815981
           9    -0.83568   -0.835543 0.000719831
          10   -0.836776   -0.835666 0.000655535
          11   -0.834328   -0.835545 0.000605308
          12   -0.841224   -0.836018 0.000727543
          13   -0.832792    -0.83577 0.000713769
          14   -0.839768   -0.836055  0.00071989
          15   -0.829064   -0.835589 0.000816326
          16   -0.836904   -0.835672 0.000768011
          17    -0.83432   -0.835592 0.000725788
          18   -0.829936   -0.835278 0.000752977
          19   -0.839824   -0.835517 0.000751362
          20   -0.835064   -0.835494 0.000713164
           1   -0.819456   -0.819456           0
           2   -0.825864    -0.82266    0.003204
           3   -0.825008   -0.823443  0.00200859
           4   -0.818664   -0.822248  0.00185592
           5     -0.8206   -0.821918  0.00147489
           6   -0.825336   -0.822488  0.00133216
           7   -0.821624   -0.822365  0.00113263
           8   -0.825576   -0.822766  0.00105985
           9    -0.82144   -0.822619 0.000946237
          10   -0.824368   -0.822794  0.00086423
          11   -0.821136   -0.822643 0.000796117
          12   -0.826672   -0.822979 0.000800564
          13   -0.818184    -0.82261 0.000823608
          14   -0.828064   -0.822999 0.000856271
          15   -0.816016   -0.822534  0.00092314
          16   -0.824176   -0.822636 0.000869597
          17   -0.819424   -0.822448 0.000838417
          18   -0.819296   -0.822272 0.000809626
          19   -0.825032   -0.822418  0.00077948
          20   -0.821848   -0.822389 0.000740028
           1   -0.808624   -0.808624           0
           2   -0.812064   -0.810344     0.00172
           3    -0.81052   -0.810403 0.000994774
           4   -0.807304   -0.809628  0.00104637
           5   -0.806192   -0.808941  0.00106263
           6   -0.808792   -0.808916 0.000867988
           7      -0.808   -0.808785 0.000745163
           8   -0.812696   -0.809274 0.000809588
           9      -0.811   -0.809466 0.000739297
          10   -0.808816   -0.809401 0.000664432
          11    -0.80672   -0.809157 0.000648534
          12   -0.815832   -0.809713 0.000812344
          13   -0.806376   -0.809457 0.000790116
          14   -0.813536   -0.809748 0.000787404
          15   -0.803568   -0.809336 0.000840882
          16   -0.809712    -0.80936 0.000786924
          17   -0.808464   -0.809307 0.000741061
          18   -0.804632   -0.809047 0.000745387
          19   -0.810912   -0.809145 0.000711865
          20   -0.810672   -0.809222 0.000679635
           1     -0.7948     -0.7948           0
           2   -0.796032   -0.795416    0.000616
           3   -0.799776   -0.796869  0.00149622
           4   -0.789936   -0.795136  0.00203071
           5   -0.796464   -0.795402  0.00159525
           6   -0.798632    -0.79594   0.0014094
           7   -0.796576   -0.796031  0.00119462
           8     -0.7976   -0.796227    0.001053
           9   -0.796448   -0.796252 0.000928985
          10   -0.794336    -0.79606 0.000852704
          11   -0.792464   -0.795733 0.000837719
          12   -0.804136   -0.796433  0.00103689
          13   -0.793888   -0.796238 0.000973693
          14   -0.799392   -0.796463 0.000929197
          15   -0.791144   -0.796108 0.000934891
          16   -0.798736   -0.796273 0.000889798
          17   -0.797896   -0.796368 0.000841258
          18   -0.793048   -0.796184 0.000814309
          19   -0.795648   -0.796155 0.000770775
          20    -0.79556   -0.796126 0.000731827
           1   -0.779848   -0.779848           0
           2   -0.781952     -0.7809    0.001052
           3   -0.787408   -0.783069  0.00225276
           4   -0.776952    -0.78154  0.00220824
           5    -0.78384      -0.782  0.00177127
           6   -0.784592   -0.782432  0.00150938
           7   -0.783832   -0.782632  0.00129124
           8   -0.784592   -0.782877  0.00114477
           9   -0.781736    -0.78275  0.00101752
          10   -0.782992   -0.782774  0.00091042
          11     -0.7784   -0.782377 0.000914497
          12   -0.788312   -0.782871 0.000970338
          13   -0.781456   -0.782762 0.000899196
          14   -0.785224   -0.782938 0.000850859
          15   -0.775696   -0.782455 0.000927657
          16   -0.782168   -0.782438 0.000867929
          17   -0.780232   -0.782308 0.000825535
          18   -0.783432    -0.78237 0.000780824
          19   -0.783568   -0.782433 0.000741271
          20   -0.784184   -0.782521 0.000708659
           1   -0.768888   -0.768888           0
           2   -0.771448   -0.770168     0.00128
           3   -0.775312   -0.771883  0.00186714
           4   -0.764792    -0.77011  0.00221031
           5    -0.76936    -0.76996  0.00171865
           6   -0.772992   -0.770465  0.00149149
           7    -0.77332   -0.770873  0.00132487
           8    -0.77192   -0.771004  0.00115481
           9   -0.768112   -0.770683  0.00106793
          10   -0.772568   -0.770871 0.000973616
          11   -0.767464   -0.770561 0.000933553
          12    -0.77392   -0.770841 0.000896994
          13   -0.768576   -0.770667 0.000843315
          14   -0.771776   -0.770746 0.000784765
          15   -0.763752    -0.77028 0.000866698
          16   -0.770528   -0.770296  0.00081087
          17   -0.768624   -0.770197 0.000767999
          18   -0.769968   -0.770184 0.000724189
          19   -0.769248   -0.770135 0.000686785
          20    -0.77112   -0.770184 0.000653399
           1   -0.755408   -0.755408           0
           2   -0.757328   -0.756368     0.00096
           3   -0.759592   -0.757443  0.00120918
           4   -0.754384   -0.756678  0.00114707
           5   -0.755872   -0.756517 0.000903021
           6   -0.758568   -0.756859 0.000812714
           7    -0.75976   -0.757273 0.000802234
           8   -0.762264   -0.757897 0.000933746
           9   -0.759016   -0.758021  0.00083282
          10   -0.758784   -0.758098 0.000748791
          11   -0.756328   -0.757937  0.00069615
          12   -0.762128   -0.758286 0.000725152
          13   -0.757856   -0.758253 0.000667862
          14   -0.756576   -0.758133 0.000629815
          15   -0.753992   -0.757857 0.000648071
          16   -0.755272   -0.757696 0.000627376
          17   -0.755472   -0.757565 0.000603657
          18   -0.754256   -0.757381 0.000598082
          19   -0.759664   -0.757501 0.000578349
          20    -0.75972   -0.757612 0.000559775
           1    -0.74204    -0.74204           0
           2    -0.74524    -0.74364      0.0016
           3    -0.74692   -0.744733  0.00143133
           4   -0.740896   -0.743774  0.00139452
           5   -0.744616   -0.743942  0.00109324
           6   -0.746984   -0.744449  0.00102653
           7   -0.744672   -0.744481 0.000868157
           8    -0.74836   -0.744966 0.000894627
           9   -0.743568   -0.744811 0.000804133
          10     -0.7476    -0.74509 0.000771432
          11   -0.742976   -0.744897 0.000723758
          12   -0.748344   -0.745185 0.000720425
          13   -0.746296    -0.74527 0.000668186
          14   -0.747312   -0.745416  0.00063558
          15   -0.741768   -0.745173 0.000639724
          16   -0.744032   -0.745102 0.000602639
          17   -0.742056   -0.744922 0.000593752
          18   -0.742464   -0.744786 0.000576214
          19   -0.743608   -0.744724 0.000548558
          20   -0.746376   -0.744806 0.000526924
           1    -0.73024    -0.73024           0
           2     -0.7366    -0.73342     0.00318
           3   -0.735776   -0.734205  0.00199688
           4    -0.72888   -0.732874  0.00194068
           5   -0.733168   -0.732933  0.00150439
           6   -0.734936   -0.733267  0.00127289
           7   -0.735608   -0.733601  0.00112659
           8    -0.73612   -0.733916   0.0010252
           9   -0.733808   -0.733904 0.000904222
          10   -0.734616   -0.733975 0.000811889
          11    -0.73056   -0.733665 0.000797314
          12   -0.733648   -0.733663 0.000727846
          13   -0.733416   -0.733644 0.000669791
          14   -0.733568   -0.733639  0.00062013
          15    -0.72956   -0.733367 0.000638145
          16   -0.732736   -0.733327 0.000598231
          17   -0.731368   -0.733212  0.00057364
          18    -0.73348   -0.733227 0.000541037
          19     -0.7322   -0.733173 0.000514617
          20   -0.733344   -0.733182 0.000488284
           1   -0.716416   -0.716416           0
           2    -0.72496   -0.720688    0.004272
           3   -0.724712   -0.722029  0.00280758
           4   -0.719688   -0.721444  0.00206975
           5    -0.71884   -0.720923  0.00168569
           6   -0.722224    -0.72114  0.00139333
           7   -0.720584   -0.721061  0.00118026
           8   -0.722208   -0.721204  0.00103215
           9   -0.720528   -0.721129  0.00091336
          10    -0.72432   -0.721448 0.000877048
          11     -0.7178   -0.721116 0.000859848
          12   -0.719608   -0.720991 0.000794931
          13    -0.72128   -0.721013 0.000731569
          14   -0.722032   -0.721086 0.000681201
          15   -0.719376   -0.720972 0.000644326
          16   -0.718608   -0.720824 0.000620553
          17   -0.718312   -0.720676 0.000601346
          18   -0.720448   -0.720664 0.000567096
          19    -0.71996   -0.720627 0.000537696
          20   -0.721424   -0.720666 0.000511659
           1   -0.707576   -0.707576           0
           2   -0.712672   -0.710124    0.002548
           3    -0.71288   -0.711043  0.00173437
           4   -0.703184   -0.709078  0.00231602
           5    -0.70484    -0.70823  0.00198413
           6   -0.709648   -0.708467  0.00163718
           7   -0.707712   -0.708359  0.00138786
           8     -0.7092   -0.708464  0.00120651
           9    -0.70816    -0.70843  0.00106458
          10   -0.711224    -0.70871 0.000992329
          11   -0.705944   -0.708458 0.000932142
          12   -0.706016   -0.708255 0.000874924
          13   -0.708256   -0.708255 0.000804813
          14    -0.71196   -0.708519 0.000790719
          15   -0.705528    -0.70832 0.000762656
          16   -0.708496   -0.708331 0.000713484
          17   -0.706304   -0.708212 0.000680725
          18      -0.708     -0.7082 0.000641902
          19   -0.711104   -0.708353  0.00062612
          20   -0.709368   -0.708404 0.000596154
           1   -0.698928   -0.698928           0
           2   -0.703112    -0.70102    0.002092
           3    -0.69716   -0.699733  0.00176475
           4   -0.694288   -0.698372  0.00184673
           5   -0.695352   -0.697768  0.00155276
           6   -0.700424   -0.698211  0.00134288
           7   -0.696464   -0.697961  0.00116205
           8   -0.697328   -0.697882  0.00100947
           9   -0.696424    -0.69772 0.000904886
          10   -0.698992   -0.697847  0.00081929
          11   -0.696688   -0.697742 0.000748531
          12   -0.695336   -0.697541 0.000712116
          13   -0.696824   -0.697486 0.000657371
          14    -0.69832   -0.697546 0.000611515
          15   -0.695904   -0.697436 0.000579715
          16   -0.694816   -0.697272 0.000566463
          17   -0.694312   -0.697098 0.000559872
          18   -0.696416    -0.69706 0.000529212
          19   -0.699792   -0.697204  0.00052082
          20   -0.699056   -0.697297 0.000502694
           1   -0.686128   -0.686128           0
           2   -0.690096   -0.688112    0.001984
           3   -0.684744   -0.686989  0.00160389
           4   -0.681336   -0.685576  0.00181211
           5    -0.68304   -0.685069  0.00149248
           6   -0.686472   -0.685303  0.00124084
           7   -0.688624   -0.685777  0.00115105
           8   -0.686328   -0.685846 0.000999211
           9   -0.687768    -0.68606 0.000906729
          10    -0.68664   -0.686118 0.000813077
          11    -0.68532   -0.686045 0.000739022
          12   -0.684832   -0.685944 0.000682163
          13   -0.685032   -0.685874 0.000631408
          14   -0.687968   -0.686023 0.000603405
          15   -0.684288   -0.685908  0.00057353
          16   -0.687256   -0.685992 0.000543066
          17   -0.684928   -0.685929 0.000513947
          18   -0.683232    -0.68578 0.000507197
          19    -0.69016    -0.68601 0.000532281
          20   -0.687512   -0.686085  0.00051052
           1   -0.672728   -0.672728           0
           2   -0.680368   -0.676548     0.00382
           3   -0.676464    -0.67652  0.00220566
           4   -0.671688   -0.675312  0.00197274
           5    -0.67364   -0.674978  0.00156424
           6   -0.675576   -0.675077  0.00128109
           7   -0.677648   -0.675445   0.0011433
           8   -0.676584   -0.675587  0.00100032
           9   -0.675928   -0.675625 0.000883012
          10   -0.675456   -0.675608 0.000789971
          11   -0.674816   -0.675536 0.000718174
          12    -0.67684   -0.675645 0.000664545
          13   -0.676408   -0.675703 0.000614106
          14    -0.67636    -0.67575 0.000570483
          15   -0.671864   -0.675491 0.000590917
          16   -0.675656   -0.675501 0.000552848
          17   -0.674344   -0.675433 0.000523755
          18    -0.67328   -0.675314 0.000508086
          19    -0.67608   -0.675354  0.00048229
          20   -0.675592   -0.675366 0.000457695
           1   -0.663336   -0.663336           0
           2   -0.668192   -0.665764    0.002428
           3   -0.665712   -0.665747  0.00140191
           4     -0.6616    -0.66471  0.00143435
           5    -0.66368   -0.664504  0.00112998
           6     -0.6668   -0.664887 0.000998833
           7   -0.665256   -0.664939 0.000845815
           8   -0.663024     -0.6647 0.000770635
           9   -0.664488   -0.664676 0.000680045
          10   -0.664504   -0.664659 0.000608495
          11   -0.663504   -0.664554 0.000560334
          12   -0.663616   -0.664476 0.000517453
          13    -0.66464   -0.664489 0.000476154
          14   -0.666112   -0.664605 0.000455829
          15   -0.662328   -0.664453 0.000450678
          16   -0.664128   -0.664433 0.000422059
          17   -0.664472   -0.664435 0.000396462
          18   -0.661424   -0.664268 0.000409507
          19   -0.666504   -0.664385 0.000404844
          20   -0.664312   -0.664382 0.000384086
           1   -0.652832   -0.652832           0
           2   -0.657704   -0.655268    0.002436
           3   -0.653712   -0.654749  0.00149902
           4   -0.650664   -0.653728  0.00147195
           5   -0.652504   -0.653483  0.00116615
           6   -0.652792   -0.653368 0.000959104
           7   -0.655176   -0.653626 0.000850746
           8   -0.654848   -0.653779 0.000752428
           9   -0.655224    -0.65394 0.000682727
          10   -0.653176   -0.653863 0.000615405
          11   -0.654104   -0.653885 0.000557085
          12   -0.652496   -0.653769 0.000521555
          13   -0.653904    -0.65378 0.000479872
          14   -0.657128   -0.654019  0.00050456
          15   -0.652528   -0.653919  0.00048012
          16    -0.65348   -0.653892  0.00044995
          17   -0.651584   -0.653756 0.000443924
          18    -0.65188   -0.653652  0.00043132
          19   -0.655712    -0.65376 0.000422149
          20   -0.650192   -0.653582 0.000438432
           1   -0.642744   -0.642744           0
           2   -0.646072   -0.644408    0.001664
           3   -0.642552   -0.643789  0.00114268
           4   -0.640672    -0.64301  0.00112259
           5   -0.641544   -0.642717 0.000917658
           6    -0.64476   -0.643057 0.000823019
           7   -0.645832   -0.643454 0.000800592
           8   -0.643184    -0.64342 0.000694152
           9   -0.641472   -0.643204 0.000649321
          10   -0.643056   -0.643189 0.000580958
          11   -0.644184   -0.643279 0.000533228
          12    -0.64184   -0.643159 0.000501327
          13   -0.643648   -0.643197 0.000462683
          14    -0.64468   -0.643303 0.000441266
          15   -0.642984   -0.643282 0.000411346
          16   -0.642496   -0.643232 0.000387899
          17   -0.643328   -0.643238 0.000364411
          18   -0.642568   -0.643201 0.000345581
          19    -0.64696   -0.643399 0.000382098
          20   -0.641304   -0.643294 0.000377318
           1   -0.632992   -0.632992           0
           2   -0.636264   -0.634628    0.001636
           3   -0.631456   -0.633571  0.00141779
           4   -0.631096   -0.632952  0.00117805
           5   -0.633248   -0.633011 0.000914434
           6   -0.635776   -0.633472  0.00087738
           7   -0.636168   -0.633857 0.000835577
           8    -0.63244    -0.63368 0.000744998
           9    -0.63288   -0.633591 0.000663012
          10   -0.631848   -0.633417 0.000618104
          11   -0.631536   -0.633246 0.000584656
          12   -0.634896   -0.633383 0.000551147
          13   -0.633888   -0.633422 0.000508465
          14    -0.63452   -0.633501 0.000477234
          15   -0.632064   -0.633405 0.000454486
          16   -0.630528   -0.633225 0.000461591
          17    -0.63372   -0.633254 0.000434566
          18   -0.630872   -0.633122 0.000430556
          19   -0.634488   -0.633194 0.000413564
          20   -0.631568   -0.633112 0.000400673
           1   -0.623432   -0.623432           0
           2   -0.625536   -0.624484    0.001052
           3   -0.620672   -0.623213  0.00140837
           4   -0.619224   -0.622216   0.0014094
           5   -0.622912   -0.622355  0.00110056
           6   -0.626776   -0.623092  0.00116205
           7     -0.6262   -0.623536  0.00107781
           8    -0.62344   -0.623524  0.00093349
           9   -0.622552   -0.623416 0.000830315
          10   -0.620824   -0.623157 0.000786589
          11   -0.622704   -0.623116 0.000712686
          12   -0.623216   -0.623124 0.000650644
          13   -0.623456    -0.62315  0.00059905
          14   -0.624704   -0.623261 0.000565618
          15   -0.621712   -0.623157 0.000536587
          16   -0.620816   -0.623011 0.000522827
          17   -0.622664   -0.622991 0.000491535
          18   -0.621976   -0.622934 0.000466839
          19    -0.62448   -0.623016 0.000449017
          20   -0.621472   -0.622938  0.00043291
           1    -0.61264    -0.61264           0
           2   -0.615152   -0.613896    0.001256
           3   -0.611584   -0.613125  0.00105819
           4   -0.610696   -0.612518 0.000963712
           5   -0.609512   -0.611917 0.000958481
           6    -0.61544   -0.612504 0.000978397
           7   -0.617344   -0.613195  0.00107788
           8   -0.614984   -0.613419 0.000959874
           9   -0.613376   -0.613414 0.000846543
          10   -0.610248   -0.613098 0.000820705
          11   -0.611944   -0.612993 0.000749727
          12   -0.613832   -0.613063 0.000687968
          13   -0.613248   -0.613077 0.000632999
          14   -0.612032   -0.613002 0.000590777
          15   -0.611704   -0.612916 0.000556752
          16   -0.611872    -0.61285 0.000524864
          17   -0.611048   -0.612744 0.000504296
          18    -0.61208   -0.612708 0.000476886
          19   -0.613968   -0.612774 0.000455941
          20   -0.613016   -0.612786 0.000432713
           1   -0.603128   -0.603128           0
           2   -0.607632    -0.60538    0.002252
           3   -0.600784   -0.603848  0.00200936
           4   -0.600968   -0.603128  0.00159285
           5   -0.603424   -0.603187  0.00123523
           6      -0.607   -0.603823  0.00119207
           7   -0.608096   -0.604433    0.001178
           8   -0.606432   -0.604683  0.00105033
           9   -0.604472    -0.60466 0.000926603
          10   -0.601888   -0.604382 0.000873894
          11   -0.602656   -0.604225 0.000805897
          12   -0.602832   -0.604109 0.000744788
          13   -0.605168   -0.604191 0.000689928
          14   -0.603832   -0.604165 0.000639263
          15    -0.60404   -0.604157  0.00059518
          16   -0.600968   -0.603957 0.000591337
          17   -0.602352   -0.603863 0.000563436
          18   -0.601608   -0.603738 0.000545786
          19   -0.605952   -0.603854 0.000529252
          20   -0.600584   -0.603691 0.000528047
           1   -0.595696   -0.595696           0
           2     -0.5978   -0.596748    0.001052
           3    -0.59336   -0.595619   0.0012823
           4   -0.592544    -0.59485   0.0011887
           5   -0.593712   -0.594622 0.000948472
           6   -0.596368   -0.594913  0.00082727
           7    -0.59688   -0.595194 0.000753508
           8   -0.594904   -0.595158 0.000653565
           9   -0.595448    -0.59519  0.00057729
          10   -0.592256   -0.594897 0.000593892
          11   -0.593264   -0.594748 0.000557326
          12   -0.593032   -0.594605  0.00052849
          13   -0.595856   -0.594702 0.000495568
          14   -0.595072   -0.594728 0.000459569
          15   -0.594904    -0.59474 0.000427996
          16     -0.5942   -0.594706 0.000401772
          17   -0.592368   -0.594568 0.000401677
          18   -0.592168   -0.594435   0.0004015
          19   -0.598808   -0.594665 0.000444076
          20   -0.593088   -0.594586 0.000428605
           1   -0.587096   -0.587096           0
           2   -0.588032   -0.587564    0.000468
           3   -0.583712    -0.58628  0.00131212
           4     -0.5818    -0.58516  0.00145438
           5   -0.585936   -0.585315   0.0011372
           6   -0.588856   -0.585905  0.00110019
           7     -0.5894   -0.586405  0.00105537
           8   -0.586344   -0.586397 0.000914013
           9   -0.587312   -0.586499 0.000812469
          10   -0.584104   -0.586259 0.000765134
          11   -0.584624   -0.586111 0.000707874
          12   -0.586512   -0.586144 0.000647063
          13   -0.585888   -0.586124 0.000595537
          14    -0.58712   -0.586195 0.000555929
          15   -0.585968    -0.58618 0.000517763
          16   -0.585616   -0.586145 0.000485606
          17   -0.584776   -0.586064 0.000463201
          18   -0.583456    -0.58592 0.000460126
          19   -0.588424   -0.586051 0.000454758
          20   -0.585352   -0.586016 0.000432836
           1   -0.578552   -0.578552           0
           2    -0.57812   -0.578336    0.000216
           3   -0.576736   -0.577803 0.000547719
           4   -0.573576   -0.576746  0.00112541
           5   -0.576048   -0.576606 0.000882844
           6   -0.580176   -0.577201 0.000934642
           7   -0.580472   -0.577669 0.000917758
           8   -0.577864   -0.577693 0.000795177
           9   -0.577352   -0.577655 0.000702303
          10   -0.576408    -0.57753 0.000640419
          11   -0.576352   -0.577423 0.000589103
          12   -0.577192   -0.577404  0.00053812
          13   -0.578136    -0.57746 0.000498191
          14    -0.57748   -0.577462 0.000461237
          15   -0.576832    -0.57742 0.000431436
          16    -0.57572   -0.577314 0.000417319
          17   -0.573528   -0.577091 0.000450834
          18   -0.575112   -0.576981 0.000439037
          19   -0.580008    -0.57714   0.0004448
          20   -0.576608   -0.577114 0.000422812
           1   -0.569136   -0.569136           0
           2   -0.569952   -0.569544    0.000408
           3   -0.566808   -0.568632  0.00094193
           4   -0.564024    -0.56748  0.00133068
           5   -0.567424   -0.567469   0.0010308
           6    -0.57028   -0.567937 0.000963273
           7   -0.570816   -0.568349 0.000912085
           8   -0.568912   -0.568419 0.000793022
           9   -0.569632   -0.568554 0.000712248
          10   -0.567568   -0.568455 0.000644636
          11   -0.568256   -0.568437 0.000583376
          12    -0.56824   -0.568421   0.0005328
          13   -0.570592   -0.568588 0.000517784
          14   -0.570104   -0.568696 0.000491458
          15   -0.567128   -0.568591 0.000469312
          16   -0.568024   -0.568556 0.000440432
          17   -0.568056   -0.568527 0.000414758
          18   -0.567448   -0.568467 0.000395602
          19    -0.56968   -0.568531 0.000379612
          20    -0.56576   -0.568392 0.000385855
           1   -0.560496   -0.560496           0
           2   -0.562912   -0.561704    0.001208
           3   -0.556872   -0.560093  0.00175518
           4   -0.554872   -0.558788  0.00180117
           5   -0.560808   -0.559192   0.0014525
           6   -0.561784   -0.559624  0.00126219
           7   -0.563272   -0.560145  0.00118724
           8   -0.559784     -0.5601  0.00102917
           9   -0.561136   -0.560215 0.000914913
          10     -0.5598   -0.560174 0.000819375
          11   -0.558664   -0.560036 0.000753751
          12    -0.55872   -0.559927 0.000696767
          13   -0.562928   -0.560158 0.000681246
          14   -0.561264   -0.560237 0.000635644
          15   -0.560728   -0.560269 0.000592658
          16    -0.55892   -0.560185 0.000560759
          17   -0.557992   -0.560056 0.000542307
          18   -0.558568   -0.559973 0.000517932
          19   -0.560032   -0.559976 0.000489924
          20   -0.557128   -0.559834 0.000486114
           1   -0.551368   -0.551368           0
           2   -0.555784   -0.553576    0.002208
           3   -0.551088   -0.552747  0.00152082
           4   -0.546544   -0.551196  0.00188706
           5   -0.551016    -0.55116  0.00146216
           6   -0.553632   -0.551572  0.00126294
           7   -0.553264   -0.551814   0.0010944
           8   -0.553952   -0.552081 0.000984749
           9   -0.553016   -0.552185 0.000874659
          10    -0.55236   -0.552202 0.000782515
          11   -0.548632   -0.551878 0.000778685
          12   -0.549704   -0.551697 0.000733558
          13   -0.555392   -0.551981 0.000732205
          14   -0.553216   -0.552069 0.000683606
          15   -0.551952   -0.552061  0.00063645
          16   -0.550264   -0.551949  0.00060585
          17   -0.551864   -0.551944 0.000569119
          18   -0.550808   -0.551881 0.000540269
          19   -0.553616   -0.551972 0.000519139
          20   -0.549512   -0.551849 0.000507628
           1    -0.54344    -0.54344           0
           2   -0.547168   -0.545304    0.001864
           3   -0.541776   -0.544128   0.0015941
           4   -0.541552   -0.543484  0.00129819
           5   -0.543144   -0.543416  0.00100787
           6    -0.54596    -0.54384 0.000925733
           7     -0.5462   -0.544177 0.000851936
           8   -0.545096   -0.544292 0.000746685
           9   -0.546392   -0.544525 0.000698631
          10   -0.543104   -0.544383 0.000640836
          11    -0.54068   -0.544047 0.000670328
          12   -0.542384   -0.543908 0.000627411
          13   -0.544712    -0.54397 0.000580438
          14    -0.54372   -0.543952 0.000537678
          15    -0.54392    -0.54395 0.000500555
          16   -0.541392    -0.54379 0.000494766
          17   -0.543488   -0.543772 0.000465091
          18   -0.541816   -0.543664 0.000451759
          19   -0.544568   -0.543711 0.000429965
          20   -0.540736   -0.543562 0.000434179
           1    -0.53508    -0.53508           0
           2   -0.537704   -0.536392    0.001312
           3   -0.534792   -0.535859 0.000926405
           4   -0.533272   -0.535212 0.000920484
           5     -0.5356    -0.53529 0.000717214
           6   -0.536944   -0.535565 0.000647271
           7   -0.538872   -0.536038 0.000722773
           8   -0.537968   -0.536279 0.000670835
           9    -0.53904   -0.536586 0.000666429
          10   -0.535608   -0.536488 0.000604039
          11     -0.5332   -0.536189 0.000622793
          12   -0.532672   -0.535896 0.000639631
          13   -0.536792   -0.535965 0.000592398
          14     -0.5366    -0.53601 0.000550327
          15   -0.535368   -0.535967 0.000514113
          16    -0.53484   -0.535897 0.000486044
          17   -0.534664   -0.535824 0.000462284
          18   -0.534528   -0.535752 0.000441756
          19   -0.534968   -0.535711 0.000419894
          20   -0.534144   -0.535633 0.000405981
           1    -0.52748    -0.52748           0
           2   -0.531824   -0.529652    0.002172
           3    -0.52664   -0.528648  0.00160641
           4   -0.525936    -0.52797  0.00132286
           5   -0.526776   -0.527731  0.00105214
           6    -0.52892   -0.527929 0.000881621
           7   -0.531744   -0.528474 0.000923123
           8   -0.529088   -0.528551  0.00080312
           9     -0.5292   -0.528623 0.000711947
          10   -0.527936   -0.528554 0.000640481
          11    -0.52604   -0.528326 0.000622801
          12   -0.526512   -0.528175 0.000588286
          13   -0.529032   -0.528241 0.000545148
          14   -0.530512   -0.528403 0.000530145
          15   -0.529616   -0.528484 0.000500121
          16   -0.527104   -0.528397 0.000475702
          17   -0.524512   -0.528169 0.000501905
          18   -0.526272   -0.528064 0.000484794
          19    -0.52896   -0.528111  0.00046099
          20   -0.526216   -0.528016 0.000447477
           1   -0.519904   -0.519904           0
           2   -0.524016    -0.52196    0.002056
           3   -0.521472   -0.521797  0.00119813
           4   -0.517904   -0.520824   0.0012904
           5   -0.520592   -0.520778  0.00100062
           6   -0.522824   -0.521119 0.000885333
           7   -0.525432   -0.521735 0.000969308
           8   -0.521656   -0.521725 0.000839503
           9   -0.522608   -0.521823 0.000746845
          10    -0.52192   -0.521833 0.000668068
          11   -0.519192   -0.521593 0.000650232
          12    -0.51776   -0.521273 0.000674053
          13   -0.522384   -0.521359 0.000625897
          14   -0.524056   -0.521551 0.000610656
          15   -0.525224   -0.521796 0.000618972
          16   -0.519208   -0.521634 0.000601169
          17   -0.520288   -0.521555 0.000570228
          18   -0.519552   -0.521444 0.000549015
          19   -0.520536   -0.521396  0.00052151
          20    -0.51768    -0.52121 0.000528489
           1    -0.51136    -0.51136           0
           2     -0.5168    -0.51408     0.00272
           3   -0.514496   -0.514219   0.0015765
           4    -0.50968   -0.513084  0.00159064
           5   -0.512568   -0.512981  0.00123642
           6    -0.51472   -0.513271  0.00105032
           7   -0.517712   -0.513905  0.00109112
           8   -0.514048   -0.513923 0.000945108
           9   -0.514384   -0.513974  0.00083508
          10   -0.513304   -0.513907 0.000749919
          11   -0.511616   -0.513699 0.000709586
          12    -0.51088   -0.513464  0.00068904
          13   -0.515672   -0.513634 0.000656187
          14   -0.515792   -0.513788 0.000626764
          15    -0.51536   -0.513893 0.000592822
          16   -0.513288   -0.513855 0.000555821
          17   -0.512744    -0.51379 0.000526178
          18   -0.511928   -0.513686 0.000506752
          19   -0.513352   -0.513669 0.000479662
          20   -0.512176   -0.513594 0.000461126
           1   -0.505048   -0.505048           0
           2      -0.509   -0.507024    0.001976
           3   -0.506464   -0.506837  0.00115601
           4    -0.50368   -0.506048  0.00113632
           5   -0.504288   -0.505696 0.000947968
           6   -0.507392   -0.505979 0.000824012
           7   -0.509728   -0.506514  0.00087857
           8   -0.507904   -0.506688 0.000780442
           9   -0.507216   -0.506747 0.000690781
          10     -0.5056   -0.506632 0.000628404
          11   -0.504928   -0.506477 0.000589143
          12   -0.504824   -0.506339 0.000555174
          13   -0.509184   -0.506558 0.000555592
          14    -0.50928   -0.506753 0.000549894
          15   -0.508496   -0.506869 0.000524952
          16   -0.505176   -0.506763 0.000502316
          17   -0.506624   -0.506755 0.000471915
          18   -0.505424   -0.506681 0.000451027
          19   -0.508464   -0.506775 0.000436829
          20   -0.502976   -0.506585 0.000455866
           1   -0.499064   -0.499064           0
           2    -0.50104   -0.500052    0.000988
           3   -0.499336   -0.499813 0.000618339
           4   -0.496232   -0.498918  0.00099639
           5   -0.498888   -0.498912 0.000771824
           6   -0.499656   -0.499036 0.000642275
           7   -0.503328   -0.499649 0.000818901
           8   -0.500744   -0.499786 0.000722274
           9    -0.50188   -0.500019 0.000678148
          10   -0.500528    -0.50007 0.000608689
          11   -0.498328   -0.499911 0.000572892
          12   -0.497904   -0.499744 0.000549076
          13   -0.501352   -0.499868 0.000520002
          14   -0.502088   -0.500026 0.000506878
          15   -0.501208   -0.500105 0.000478409
          16   -0.499216   -0.500049 0.000450947
          17   -0.499664   -0.500027 0.000424197
          18    -0.50044    -0.50005 0.000400595
          19   -0.501144   -0.500107 0.000383277
          20   -0.496312   -0.499918  0.00041015
           1   -0.491376   -0.491376           0
           2    -0.49652   -0.493948    0.002572
           3    -0.49632   -0.494739  0.00168232
           4   -0.490488   -0.493676  0.00159511
           5    -0.49104   -0.493149  0.00134334
           6    -0.49404   -0.493297  0.00110684
           7   -0.496232   -0.493717   0.0010251
           8    -0.49488   -0.493862 0.000899597
           9   -0.493376   -0.493808 0.000795206
          10   -0.494376   -0.493865 0.000713518
          11   -0.490712   -0.493578 0.000706182
          12   -0.491696   -0.493421  0.00066346
          13   -0.494048    -0.49347 0.000612195
          14   -0.496024   -0.493652 0.000595428
          15   -0.495568    -0.49378  0.00056884
          16   -0.492024    -0.49367 0.000543298
          17   -0.494128   -0.493697 0.000511051
          18   -0.493712   -0.493698 0.000481824
          19   -0.492504   -0.493635  0.00046007
          20   -0.491656   -0.493536 0.000447536
           1   -0.485968   -0.485968           0
           2   -0.489552    -0.48776    0.001792
           3   -0.488144   -0.487888   0.0010425
           4   -0.483976    -0.48691   0.0012247
           5   -0.485144   -0.486557  0.00101227
           6   -0.485064   -0.486308 0.000863147
           7    -0.48892   -0.486681 0.000819387
           8   -0.488192    -0.48687 0.000734311
           9   -0.488992   -0.487106 0.000689187
          10   -0.487128   -0.487108 0.000616432
          11   -0.484352   -0.486857 0.000611288
          12      -0.485   -0.486703 0.000579097
          13   -0.489344   -0.486906 0.000570125
          14   -0.488104   -0.486991 0.000534726
          15    -0.48888   -0.487117 0.000513478
          16   -0.486744   -0.487094 0.000480881
          17   -0.487616   -0.487125 0.000452752
          18   -0.486904   -0.487112 0.000427034
          19   -0.487032   -0.487108 0.000403956
          20   -0.485032   -0.487004 0.000397038
           1   -0.479584   -0.479584           0
           2   -0.483464   -0.481524     0.00194
           3    -0.48244   -0.481829  0.00116093
           4   -0.476304   -0.480448  0.00160685
           5     -0.4786   -0.480078  0.00129838
           6   -0.480304   -0.480116  0.00106079
           7   -0.483056   -0.480536 0.000990032
           8   -0.481056   -0.480601 0.000859853
           9   -0.482512   -0.480813 0.000787485
          10   -0.480232   -0.480755 0.000706743
          11   -0.478136   -0.480517 0.000682178
          12   -0.478688   -0.480365 0.000641123
          13   -0.483112   -0.480576 0.000626469
          14   -0.483088   -0.480755 0.000607118
          15   -0.481736   -0.480821 0.000568964
          16   -0.479608   -0.480745 0.000537588
          17   -0.480992    -0.48076 0.000505185
          18   -0.480672   -0.480755 0.000476317
          19   -0.478848   -0.480654 0.000461591
          20   -0.479024   -0.480573 0.000445427
           1   -0.473576   -0.473576           0
           2    -0.47628   -0.474928    0.001352
           3    -0.47484   -0.474899 0.000781129
           4   -0.471952   -0.474162 0.000920738
           5   -0.471296   -0.473589 0.000914994
           6    -0.47436   -0.473717 0.000758065
           7   -0.475016   -0.473903 0.000667003
           8   -0.473984   -0.473913  0.00057773
           9   -0.477224   -0.474281 0.000628445
          10   -0.475672    -0.47442 0.000579056
          11    -0.47276   -0.474269 0.000545083
          12   -0.472512   -0.474123 0.000518687
          13   -0.475904    -0.47426 0.000496409
          14   -0.476608   -0.474427 0.000489238
          15    -0.47644   -0.474562 0.000474808
          16   -0.473424    -0.47449 0.000449797
          17   -0.474544   -0.474494 0.000422522
          18   -0.475032   -0.474524 0.000399479
          19    -0.47252   -0.474418 0.000392307
          20   -0.471736   -0.474284 0.000395599
           1   -0.466088   -0.466088           0
           2     -0.4704   -0.468244    0.002156
           3   -0.467864   -0.468117   0.0012512
           4   -0.464872   -0.467306  0.00120042
           5   -0.466096   -0.467064 0.000960816
           6   -0.468904   -0.467371 0.000842312
           7    -0.46836   -0.467512 0.000725778
           8   -0.467776   -0.467545 0.000629408
           9   -0.471696   -0.468006 0.000721696
          10   -0.469032   -0.468109 0.000653605
          11   -0.466624   -0.467974 0.000606421
          12   -0.467576   -0.467941 0.000554576
          13   -0.468672   -0.467997 0.000513228
          14   -0.470256   -0.468158 0.000501809
          15    -0.47092   -0.468342 0.000502131
          16   -0.467928   -0.468316 0.000470414
          17   -0.469456   -0.468384 0.000446932
          18    -0.46724    -0.46832 0.000426133
          19   -0.466496   -0.468224 0.000414356
          20   -0.465984   -0.468112 0.000408737
