0	-7.65106
1	-7.44887
2	-7.32829
3	-7.29664
4	-7.19573
5	-7.20256
6	-7.17788
7	-7.12515
8	-7.12573
9	-7.08678
10	-7.01273
11	-6.93408
12	-6.88933
13	-6.95807
14	-6.93955
15	-6.87558
16	-6.94787
17	-6.94037
18	-6.9028
19	-6.85891
20	-6.84076
21	-6.76417
22	-6.72562
23	-6.78322
24	-6.79231
25	-6.73025
26	-6.70044
27	-6.78887
28	-6.76979
29	-6.72253
30	-6.65249
31	-6.65608
32	-6.63481
33	-6.69407
34	-6.62158
35	-6.63964
36	-6.61158
37	-6.57346
38	-6.51307
39	-6.59738
40	-6.61859
41	-6.61803
42	-6.64863
43	-6.63802
44	-6.71616
45	-6.68937
46	-6.68117
47	-6.73606
48	-6.82118
49	-6.72426
50	-6.76052
51	-6.78028
52	-6.7445
53	-6.78482
54	-6.79125
55	-6.75539
56	-6.78304
57	-6.76736
58	-6.70053
59	-6.76586
60	-6.73573
61	-6.76488
62	-6.81126
63	-6.78223
64	-6.71918
65	-6.77594
66	-6.73548
67	-6.70594
68	-6.72688
69	-6.70829
70	-6.66464
71	-6.70953
72	-6.77511
73	-6.78521
74	-6.76447
75	-6.76412
76	-6.67262
77	-6.73746
78	-6.74735
79	-6.74821
80	-6.80675
81	-6.87209
82	-6.83129
83	-6.84163
84	-6.83511
85	-6.81444
86	-6.8233
87	-6.78374
88	-6.82076
89	-6.72322
90	-6.70158
91	-6.70024
92	-6.71884
93	-6.71797
94	-6.80728
95	-6.78681
96	-6.79661
97	-6.70739
98	-6.72823
99	-6.79555
100	-6.7682
101	-6.66659
102	-6.68689
103	-6.71835
104	-6.71773
105	-6.63702
106	-6.64589
107	-6.7805
108	-6.75074
109	-6.7346
110	-6.75844
111	-6.67188
112	-6.62931
113	-6.64316
114	-6.68291
115	-6.63301
116	-6.59451
117	-6.61544
118	-6.53687
119	-6.47495
120	-6.57957
121	-6.63838
122	-6.64328
123	-6.61284
124	-6.7418
125	-6.7312
126	-6.72868
127	-6.746
128	-6.80737
129	-6.64626
130	-6.65068
131	-6.61434
132	-6.61335
133	-6.59388
134	-6.58175
135	-6.57126
136	-6.49578
137	-6.52955
138	-6.64818
139	-6.63073
140	-6.72952
141	-6.65458
142	-6.72715
143	-6.77183
144	-6.74613
145	-6.76426
146	-6.73854
147	-6.78616
148	-6.73836
149	-6.76034
150	-6.75549
151	-6.74705
152	-6.79317
153	-6.76008
154	-6.69033
155	-6.65433
156	-6.71503
157	-6.70984
158	-6.74196
159	-6.72572
160	-6.71796
161	-6.64576
162	-6.65963
163	-6.62596
164	-6.70283
165	-6.66764
166	-6.65145
167	-6.60449
168	-6.66111
169	-6.71062
170	-6.71919
171	-6.69988
172	-6.66009
173	-6.7041
174	-6.69831
175	-6.63872
176	-6.74534
177	-6.82787
178	-6.86436
179	-6.84198
180	-6.79786
181	-6.80073
182	-6.66174
183	-6.63707
184	-6.6306
185	-6.67991
186	-6.62612
187	-6.55674
188	-6.57904
189	-6.63
190	-6.57632
191	-6.64713
192	-6.66206
193	-6.64171
194	-6.63474
195	-6.62258
196	-6.63607
197	-6.55456
198	-6.61977
199	-6.58299
200	-6.5504
201	-6.54897
202	-6.55528
203	-6.50306
204	-6.47767
205	-6.47628
206	-6.57943
207	-6.6773
208	-6.64009
209	-6.67578
210	-6.75491
211	-6.74772
212	-6.77219
213	-6.86367
214	-6.82506
215	-6.90035
216	-6.84428
217	-6.86294
218	-6.89644
219	-6.93205
220	-6.93362
221	-6.94158
222	-6.88693
223	-6.91542
224	-6.85915
225	-6.83209
226	-6.78663
227	-6.80378
228	-6.8308
229	-6.81097
230	-6.73696
231	-6.83848
232	-6.84393
233	-6.85201
234	-6.79976
235	-6.84988
236	-6.81749
237	-6.84249
238	-6.84847
239	-6.89217
240	-6.86861
241	-6.82435
242	-6.81049
243	-6.77472
244	-6.74854
245	-6.70175
246	-6.66781
247	-6.6702
248	-6.64023
249	-6.72414
250	-6.757
251	-6.76473
252	-6.68681
253	-6.53505
254	-6.52476
255	-6.49629
256	-6.51937
257	-6.54711
258	-6.57959
259	-6.59982
260	-6.64654
261	-6.6445
262	-6.55496
263	-6.66935
264	-6.63811
265	-6.59552
266	-6.64568
267	-6.65448
268	-6.66388
269	-6.65247
270	-6.60497
271	-6.66655
272	-6.67659
273	-6.7148
274	-6.72467
275	-6.76974
276	-6.72855
277	-6.77809
278	-6.71909
279	-6.65937
280	-6.64308
281	-6.70309
282	-6.66807
283	-6.65931
284	-6.70589
285	-6.63765
286	-6.72186
287	-6.68266
288	-6.66613
289	-6.63105
290	-6.65955
291	-6.78166
292	-6.75704
293	-6.79874
294	-6.73507
295	-6.70075
296	-6.67418
297	-6.65023
298	-6.63956
299	-6.7348
300	-6.78902
301	-6.78014
302	-6.7447
303	-6.77331
304	-6.70745
305	-6.70014
306	-6.71121
307	-6.68206
308	-6.73726
309	-6.70622
310	-6.74003
311	-6.70454
312	-6.7454
313	-6.64577
314	-6.64424
315	-6.69238
316	-6.75708
317	-6.76316
318	-6.7774
319	-6.66748
320	-6.72502
321	-6.67525
322	-6.7218
323	-6.74967
324	-6.7671
325	-6.80127
326	-6.78758
327	-6.74347
328	-6.72519
329	-6.72229
330	-6.79374
331	-6.78851
332	-6.80703
333	-6.78248
334	-6.75579
335	-6.76442
336	-6.75478
337	-6.77335
338	-6.75356
339	-6.59327
340	-6.648
341	-6.71191
342	-6.76273
343	-6.7732
344	-6.75912
345	-6.7243
346	-6.78969
347	-6.76005
348	-6.72052
349	-6.68628
350	-6.65151
351	-6.59912
352	-6.56841
353	-6.57035
354	-6.48598
355	-6.46777
356	-6.47907
357	-6.55289
358	-6.61672
359	-6.6601
360	-6.73074
361	-6.66367
362	-6.53301
363	-6.52224
364	-6.51056
365	-6.5507
366	-6.59756
367	-6.5921
368	-6.58381
369	-6.54601
370	-6.63083
371	-6.61999
372	-6.57075
373	-6.51831
374	-6.4974
375	-6.53381
376	-6.58566
377	-6.62184
378	-6.65267
379	-6.65858
380	-6.61666
381	-6.64439
382	-6.66429
383	-6.64333
384	-6.57565
385	-6.54732
386	-6.58604
387	-6.64413
388	-6.68092
389	-6.67154
390	-6.64821
391	-6.58016
392	-6.53737
393	-6.53906
394	-6.60848
395	-6.6095
396	-6.59995
397	-6.60511
398	-6.59239
399	-6.63248
400	-6.64069
401	-6.60094
402	-6.55891
403	-6.60674
404	-6.55064
405	-6.56677
406	-6.52088
407	-6.56951
408	-6.56781
409	-6.55884
410	-6.55379
411	-6.56477
412	-6.62857
413	-6.60734
414	-6.59563
415	-6.60279
416	-6.60118
417	-6.67745
418	-6.63919
419	-6.59662
420	-6.582
421	-6.69462
422	-6.76473
423	-6.76353
424	-6.70117
425	-6.71311
426	-6.7243
427	-6.59322
428	-6.6561
429	-6.68238
430	-6.66007
431	-6.68133
432	-6.72817
433	-6.68058
434	-6.72285
435	-6.64803
436	-6.61118
437	-6.64921
438	-6.6836
439	-6.66607
440	-6.65393
441	-6.67363
442	-6.69447
443	-6.67431
444	-6.64839
445	-6.66596
446	-6.71877
447	-6.69169
448	-6.72233
449	-6.69137
450	-6.58392
451	-6.66907
452	-6.69372
453	-6.71908
454	-6.75636
455	-6.67825
456	-6.72859
457	-6.83507
458	-6.82982
459	-6.7568
460	-6.72435
461	-6.70939
462	-6.73124
463	-6.7023
464	-6.69545
465	-6.61684
466	-6.59055
467	-6.58099
468	-6.65795
469	-6.61179
470	-6.61097
471	-6.58026
472	-6.67594
473	-6.64266
474	-6.64544
475	-6.6423
476	-6.63254
477	-6.66317
478	-6.67612
479	-6.65622
480	-6.69828
481	-6.64544
482	-6.65872
483	-6.74051
484	-6.73729
485	-6.71817
486	-6.70119
487	-6.74474
488	-6.78655
489	-6.77093
490	-6.64529
491	-6.65668
492	-6.70619
493	-6.64611
494	-6.67745
495	-6.67596
496	-6.71682
497	-6.80589
498	-6.79618
499	-6.82012
